           0  -2.2017605427145499     
   1.9451275540825097E-003
   1.5667734237515506E-002
   4.8564594144015663E-002
  0.10628000711739297     
  0.19070499751594394     
  0.28761837221702197     
  0.36080349403689693     
  0.38519267949519836     
  0.37243092834316444     
  0.34364754110932372     
  0.30898505074986404     
  0.27188026216148919     
  0.23421980991843835     
  0.19753349073021567     
  0.16303131388501971     
  0.13160839606681110     
  0.10383202497362987     
   7.9980743295667178E-002
   6.0072129416796717E-002
   4.3924059400947832E-002
   3.1201950300654292E-002
   2.1479012243902411E-002
   1.4281551538666126E-002
   9.1338494855223804E-003
   5.5878597807824046E-003
   3.2439558032048687E-003
   1.7585348943996242E-003
   8.7479148772045818E-004
   3.9325052082413858E-004
   1.4081530818877325E-004
           0  0.21294382705174705     
  -1.8598908583362768E-004
  -1.5032116240331741E-003
  -4.6516903728147504E-003
  -1.0171076082047899E-002
  -1.8184544301349536E-002
  -2.7258393692484405E-002
  -3.3755149919029948E-002
  -3.5132689568863264E-002
  -3.2201238798724177E-002
  -2.6665291115100902E-002
  -1.9049643075679322E-002
  -9.3963549471724334E-003
   2.5163889524909984E-003
   1.6745677366562395E-002
   3.3543187100561991E-002
   5.2901135668118805E-002
   7.5061426490403454E-002
   9.9878320685116317E-002
  0.12752910842319976     
  0.15759592731625310     
  0.19009699908288294     
  0.22409258453595218     
  0.25927596762974753     
  0.29371081938938343     
  0.32645155143470805     
  0.35340668331155484     
  0.37235695346342568     
  0.37308066722000555     
  0.34762769116886449     
  0.25161556317719264     
           0  0.85718337507210818     
  -3.3549125781790146E-004
  -2.6919846153990348E-003
  -8.3491189514847911E-003
  -1.8226364464541525E-002
  -3.2586352486454452E-002
  -4.8731673095134820E-002
  -6.0177935488707632E-002
  -6.2155896288561288E-002
  -5.6164066776200047E-002
  -4.4931790250611184E-002
  -2.9504329873177311E-002
  -9.6726245014710326E-003
   1.4572017405800950E-002
   4.3409623115493345E-002
   7.6350678713134931E-002
  0.11298959579793394     
  0.15184246068329268     
  0.19141397560073647     
  0.22858448114023394     
  0.26022718053648813     
  0.28098066934808841     
  0.28592862583624190     
  0.26751389635093881     
  0.22042353866017733     
  0.13718234589242395     
   1.8040046701648098E-002
 -0.13634881135945084     
 -0.30095444152286532     
 -0.44197190240452838     
 -0.42151030590604632     
           0   1.9239190915626772     
  -4.3261969103835742E-004
  -3.4987705106103158E-003
  -1.0821493374771146E-002
  -2.3642449271878876E-002
  -4.2168871122864562E-002
  -6.2929565996722184E-002
  -7.7218524573086561E-002
  -7.8878420047878428E-002
  -6.9398322181287803E-002
  -5.2323900948523940E-002
  -2.8527668919322385E-002
   1.8016971501123313E-003
   3.8673804203014979E-002
   8.0858763316106447E-002
  0.12672326220608193     
  0.17260780261981637     
  0.21417936245850394     
  0.24449834740445597     
  0.25652291450305587     
  0.24118838831992828     
  0.19227857079964003     
  0.10488416035468541     
  -1.5787250742877148E-002
 -0.15664905643024080     
 -0.28379226581596539     
 -0.35341939277047912     
 -0.30107571710773667     
  -9.2845914303304009E-002
  0.26557383709642385     
  0.49143045600101815     
           0   3.4143427961106525     
  -5.0678051895775055E-004
  -4.0618557075898596E-003
  -1.2595520747917418E-002
  -2.7447606905992846E-002
  -4.8912295138582793E-002
  -7.2636928022048575E-002
  -8.8491654954384380E-002
  -8.8804884314014232E-002
  -7.5297436934405354E-002
  -5.1380075998210324E-002
  -1.8422414935550847E-002
   2.3410452661395981E-002
   7.2305003019811534E-002
  0.12534415746539504     
  0.17648648086825133     
  0.21818588044416268     
  0.23959502191526430     
  0.23044721080974739     
  0.18059458440083176     
   8.7921010781935482E-002
  -4.0920529242839274E-002
 -0.17966338564491183     
 -0.28788944802582811     
 -0.30816426251915069     
 -0.19970984588851212     
   4.0122100621464402E-002
  0.30229478307558660     
  0.38776855383445852     
   4.0075697466920912E-002
 -0.46828972954070985     
           0   5.3638182439188382     
  -5.5904204330107956E-004
  -4.5260436461599289E-003
  -1.3982234521819615E-002
  -3.0493047999211070E-002
  -5.4128479024970942E-002
  -8.0044002049635452E-002
  -9.6397158425408885E-002
  -9.4665336647710360E-002
  -7.5958537345345384E-002
  -4.4219068525682137E-002
  -6.1804142049482836E-004
   5.2785038359773329E-002
  0.11224111034501695     
  0.16961112861496333     
  0.21416227315883521     
  0.23112649361658300     
  0.20731512252855999     
  0.13286716053989958     
   1.2506552626757038E-002
 -0.13208745137040481     
 -0.25306806686771571     
 -0.29206117354050420     
 -0.19640483310930021     
   2.4040254072806789E-002
  0.27107249778914344     
  0.34191693415993829     
   9.5504077895302894E-002
 -0.33887853608706126     
 -0.29870561320575101     
  0.38703433015078775     
           0   7.8169778121536719     
  -6.1385957993996489E-004
  -4.9122690515868914E-003
  -1.5228004906246874E-002
  -3.3088564498837042E-002
  -5.8629262991438884E-002
  -8.6022181459353989E-002
 -0.10231904789260965     
  -9.7415976371032220E-002
  -7.2610651486692310E-002
  -3.1420411959748581E-002
   2.3368531988035696E-002
   8.7938822897394645E-002
  0.15292436156865233     
  0.20483824766614145     
  0.22486106477735901     
  0.19618005358768523     
  0.10836589996926463     
  -2.7744430168233504E-002
 -0.17643986724325794     
 -0.27193815560676371     
 -0.24799516140852904     
  -7.4330344394016160E-002
  0.17545946509161081     
  0.32859041569545305     
  0.19265166932556427     
 -0.17925913741128632     
 -0.38146747498901246     
   4.5504781295680440E-002
  0.41881871444585195     
 -0.28860955123734433     
           0   10.830853481908509     
  -6.5634152648909219E-004
  -5.3214197417368299E-003
  -1.6410808437252792E-002
  -3.5683292965352532E-002
  -6.2862352067254865E-002
  -9.1599551583156455E-002
 -0.10698183126498630     
  -9.8161269106174259E-002
  -6.5550185925409760E-002
  -1.3884755346586850E-002
   5.2939356122045603E-002
  0.12564994420395723     
  0.18910018345450849     
  0.22048572093952976     
  0.19793253889304130     
  0.10756167661506440     
  -3.7299583181298758E-002
 -0.19026528045791913     
 -0.27037310894015748     
 -0.20613516999716233     
   9.2208766973268883E-003
  0.24768589553243964     
  0.29761721850157441     
   3.2442719501474260E-002
 -0.30895598103932792     
 -0.24784778440601440     
  0.27857004091671450     
  0.25031755566714237     
 -0.40755160803441770     
  0.19828724118530761     
           0   14.488432106518690     
  -7.1694800984349280E-004
  -5.7256607663293789E-003
  -1.7736577861139111E-002
  -3.8373922443160013E-002
  -6.7400673354147747E-002
  -9.7073237338127769E-002
 -0.11117952796786675     
  -9.6881469349306110E-002
  -5.5222200212961592E-002
   8.7633780794691245E-003
   8.6562549009542578E-002
  0.16325690769440929     
  0.21307283733450094     
  0.20785487190706783     
  0.12632082815211093     
  -2.1582084913069285E-002
 -0.18393834520592445     
 -0.26576776495406174     
 -0.18557181339807372     
   5.0115573338774783E-002
  0.27338258719604125     
  0.25068099217112955     
  -7.6166589016606598E-002
 -0.33792152790961377     
  -9.6829057004496635E-002
  0.36647268290166990     
   5.0847604283669127E-002
 -0.39342226459929003     
  0.32227484353403069     
 -0.12758053797801355     
           0   18.897631509495664     
  -7.6720498369026201E-004
  -6.2295735447453291E-003
  -1.9168622914700992E-002
  -4.1493251182094487E-002
  -7.2284009122615678E-002
 -0.10301176386464074     
 -0.11472569015367241     
  -9.3847347948240817E-002
  -4.0760405799705524E-002
   3.6057877810554570E-002
  0.12351186146180555     
  0.19538368315967916     
  0.21762903798658562     
  0.15799058090487289     
   1.5622821354240878E-002
 -0.15984803237096487     
 -0.26140236204434891     
 -0.18878096118155449     
   5.5399642028828945E-002
  0.27771462621056187     
  0.22066568679949281     
 -0.13228393941727012     
 -0.32786507236589602     
   1.0842290346401051E-002
  0.37226524526025845     
  -9.7943944704362254E-002
 -0.31596487380234373     
  0.38017381312900728     
 -0.22115405816544439     
   7.8335842192692559E-002
           0   24.197081835658949     
  -8.4879556587301301E-004
  -6.7637903394424286E-003
  -2.0923629918613053E-002
  -4.4990365552042409E-002
  -7.8000779282788091E-002
 -0.10927661845289513     
 -0.11802537244259943     
  -8.8174090956094422E-002
  -2.2160303274200877E-002
   6.8652951184513852E-002
  0.16058872218587733     
  0.21682665334861059     
  0.19300028328192279     
   7.0055279690855551E-002
 -0.11577413847957581     
 -0.25176104363230845     
 -0.21077453463853393     
   3.0570904617409404E-002
  0.27072833752504472     
  0.21639425152200362     
 -0.14847325930386543     
 -0.31508186031724716     
   6.8390985491529444E-002
  0.35269983502907559     
 -0.18575501402096339     
 -0.23331431108058950     
  0.39072322236040563     
 -0.28682825726578526     
  0.13736347508276778     
  -4.6798892213559665E-002
           0   30.564554797854058     
  -9.1888938804730240E-004
  -7.4715722169692673E-003
  -2.2922124163478330E-002
  -4.9290154325274615E-002
  -8.4478815875539764E-002
 -0.11645542527605596     
 -0.12040658761886269     
  -7.9809025911186729E-002
   2.0823514905360689E-003
  0.10526218036673175     
  0.19508863645714283     
  0.21845684634666482     
  0.13369220730181539     
  -4.9530106426640179E-002
 -0.22635298624000336     
 -0.24129541332251128     
  -2.1065035904142590E-002
  0.25076490758217296     
  0.23521505537110768     
 -0.13310698692855844     
 -0.31286247782520710     
   8.4029915217911019E-002
  0.33786168996041527     
 -0.22712050896637651     
 -0.17434342255688257     
  0.38033679547362026     
 -0.32482220633921566     
  0.18442944741943554     
  -7.9862904586095212E-002
   2.7697866142346692E-002
           0   38.233220434886178     
  -1.0386823506524055E-003
  -8.2571935998571461E-003
  -2.5486530048386507E-002
  -5.4319102504284254E-002
  -9.2387101557098714E-002
 -0.12417733259417858     
 -0.12212010733124498     
  -6.7022673725349202E-002
   3.1971107833637075E-002
  0.14571806642238758     
  0.21993703872231338     
  0.19265525201179423     
   3.5986353575665229E-002
 -0.17394285049683844     
 -0.26479310388712718     
  -9.4532395390544477E-002
  0.20932672521951307     
  0.26758165323372041     
  -8.8314691566981157E-002
 -0.31997207426265412     
   6.4781046260320094E-002
  0.33745310717697480     
 -0.23627078638930382     
 -0.14711063567584604     
  0.36853396353047080     
 -0.34269157050061116     
  0.21580786356449000     
 -0.10667915087530347     
   4.4792672919848300E-002
  -1.6494158866907430E-002
           0   47.512043189162355     
  -1.1460816348176596E-003
  -9.3302334569137502E-003
  -2.8507935433594180E-002
  -6.0700557182599271E-002
 -0.10156528439414578     
 -0.13309269776784222     
 -0.12172144038876340     
  -4.9320329940895510E-002
   6.9370687745053228E-002
  0.18587575264787193     
  0.22819738560036498     
  0.12864633600424846     
  -8.8332228901369783E-002
 -0.26169626032869553     
 -0.17814337079955123     
  0.13676693890382732     
  0.29749801100552720     
  -1.3966069827170474E-002
 -0.32590257379308207     
   1.3937082610795634E-002
  0.34901828041245747     
 -0.22008417847939435     
 -0.15046881544548291     
  0.36419236326441379     
 -0.34845835723716778     
  0.23203074688902187     
 -0.12428224330288326     
   5.7970706166414247E-002
  -2.4898147875237940E-002
   1.0001225874658775E-002
           0   58.813009956925477     
  -1.3320729534151124E-003
  -1.0561315582095748E-002
  -3.2483101316711754E-002
  -6.8343221464120127E-002
 -0.11293769589388851     
 -0.14233813202927020     
 -0.11899371859184915     
  -2.3693472493800206E-002
  0.11313100611893048     
  0.22189901745993251     
  0.20629219417160302     
   2.4818544847670768E-002
 -0.21366183183841791     
 -0.25029763216542728     
   2.9642506011469470E-002
  0.30317476859158554     
   8.6005748190510392E-002
 -0.31395073573978721     
  -6.5635072024986002E-002
  0.36243550985846490     
 -0.17910803476305587     
 -0.17986227600794233     
  0.36829038436727302     
 -0.34646890305473599     
  0.23549411122811631     
 -0.13198152664176616     
   6.5756706383508501E-002
  -3.0763219312943887E-002
   1.4031725073164721E-002
  -6.2229333776344419E-003
           1  0.35074697786805564     
   2.8848298801518014E-007
   8.3477939009236293E-007
   1.6722612652341680E-005
   5.7724667335202795E-005
   1.7991744790799680E-004
   4.1503220613062057E-004
   8.7513340974396960E-004
   1.6261436512418730E-003
   2.8526135297420115E-003
   4.6665009797521358E-003
   7.3442988084145878E-003
   1.1053515415788518E-002
   1.6178493760438908E-002
   2.2942724707205087E-002
   3.1853963760336557E-002
   4.3172851415019586E-002
   5.7523392582600322E-002
   7.5143593110621257E-002
   9.6734851288072438E-002
  0.12236121380253455     
  0.15267469188368493     
  0.18722408182875877     
  0.22630032884655082     
  0.26819285379490804     
  0.31222518541605360     
  0.35365818435598528     
  0.38947937634687940     
  0.40635248191066248     
  0.39375208787058108     
  0.29482329225070592     
           1   1.0501234736032665     
   1.9918528378676551E-007
  -7.7857361456911128E-006
  -4.1087131674017862E-005
  -1.8450231389269533E-004
  -5.1596338199170404E-004
  -1.2473700751833368E-003
  -2.5545947213389004E-003
  -4.8127130048046026E-003
  -8.3180981690257356E-003
  -1.3630393127230682E-002
  -2.1156093300628610E-002
  -3.1614567880108788E-002
  -4.5434274960944376E-002
  -6.3364033377109275E-002
  -8.5603509517329743E-002
 -0.11260567142336084     
 -0.14382151846629102     
 -0.17878112983711569     
 -0.21528959345049956     
 -0.25100396284712162     
 -0.28086702156341359     
 -0.29970824012870328     
 -0.29868615262233256     
 -0.27019921175243256     
 -0.20301421410573162     
  -9.2913898430289049E-002
   6.4547392613105700E-002
  0.24735676940258630     
  0.42170781655212658     
  0.43152044785411919     
           1   2.1131403569721185     
   6.7687003327503802E-007
   9.0254000905400988E-006
   9.4610741903312158E-005
   3.5490601561923745E-004
   1.0601781471013066E-003
   2.4798074207943409E-003
   5.1539799023483874E-003
   9.5667571205379828E-003
   1.6545259514657028E-002
   2.6732761825385771E-002
   4.1114816129645758E-002
   6.0209995441918948E-002
   8.4727255570637164E-002
  0.11435900982093340     
  0.14861723132935037     
  0.18512716706085275     
  0.22084989655998175     
  0.24989781656382767     
  0.26575622353825429     
  0.25896789688296817     
  0.22171382512243376     
  0.14604927616850796     
   3.2999858935093128E-002
 -0.10896210365718290     
 -0.24916676897940648     
 -0.34348253345282631     
 -0.32070478108251088     
 -0.13324744084564483     
  0.22943740704041182     
  0.48091460371109301     
           1   3.5681730000900735     
  -2.3018045914865989E-008
   2.3839096113140304E-005
   1.4623011278579412E-004
   6.2602489559870629E-004
   1.7782009648534384E-003
   4.2493695642265919E-003
   8.6856053610778437E-003
   1.6154801162734767E-002
   2.7546496662644276E-002
   4.4106404243610946E-002
   6.6443470630248178E-002
   9.5141162623643416E-002
  0.12922879447586663     
  0.16695727610087727     
  0.20374654713697044     
  0.23361998961166966     
  0.24713953741134742     
  0.23486128624077068     
  0.18646669064431451     
   9.8295338253714393E-002
  -2.5865758648173681E-002
 -0.16339926017805798     
 -0.27687802068545059     
 -0.30927171937533576     
 -0.21571478422761622     
   1.4717502559167773E-002
  0.28159508746125828     
  0.38611429155304711     
   5.7397705327003432E-002
 -0.45170024371415879     
           1   5.4489163777379312     
  -1.3990754697967782E-006
  -2.6351628726866138E-005
  -2.4420207249473266E-004
  -9.4131681153908277E-004
  -2.7760939883869104E-003
  -6.4915918969293048E-003
  -1.3342133464132953E-002
  -2.4468018254307413E-002
  -4.1418416787750670E-002
  -6.5007317216057264E-002
  -9.5836965377746178E-002
 -0.13245407160055159     
 -0.17199964578281882     
 -0.20786186996800107     
 -0.23139137818809996     
 -0.23029786923490220     
 -0.19376028722607999     
 -0.11360104681384814     
   5.2562101877864026E-003
  0.14282530872899940     
  0.25488574864297259     
  0.28743425973536363     
  0.19108502814876846     
  -2.4587322173925730E-002
 -0.26577020198632473     
 -0.33622770974231636     
  -9.6876582460070360E-002
  0.33017049782059515     
  0.29564227584480268     
 -0.37692143588253646     
           1   7.7956982642576245     
  -1.7380282780537991E-007
  -5.1117063093612060E-005
  -3.3322458931582207E-004
  -1.3976958555929930E-003
  -3.9813347037532636E-003
  -9.4240149973812051E-003
  -1.9083513563285345E-002
  -3.4849685678983874E-002
  -5.7915923067105746E-002
  -8.9199777311520276E-002
 -0.12720210225395928     
 -0.16844427480731905     
 -0.20478689181480020     
 -0.22532372300875150     
 -0.21529793500862571     
 -0.16296140774936180     
  -6.2968379915938011E-002
   7.0626890732981534E-002
  0.20272122415486832     
  0.27360777066766279     
  0.22772854226448630     
   4.6294899192192089E-002
 -0.19234875823446601     
 -0.32337488193301339     
 -0.17383365836150533     
  0.18915313800269887     
  0.37117082019132708     
  -5.4367059150364258E-002
 -0.40994742452705568     
  0.28560671702225765     
           1   10.667879634904427     
  -2.6329821991090296E-006
  -5.5972220428569236E-005
  -4.9056285741123700E-004
  -1.9090842992218668E-003
  -5.5818276822592111E-003
  -1.2976409339352315E-002
  -2.6281845337115580E-002
  -4.7195000974676125E-002
  -7.7262665673120845E-002
 -0.11550201306985526     
 -0.15853867497631646     
 -0.19746314234256795     
 -0.21961119026196707     
 -0.20775828865412627     
 -0.14850613936173720     
  -3.7931024311505537E-002
  0.10287134230595993     
  0.22670101823539915     
  0.26322902991934732     
  0.16223830051460167     
  -6.0043174115138147E-002
 -0.26860236768874290     
 -0.27402943105296301     
   7.6183031959366834E-003
  0.31814865762725442     
  0.21938894618630583     
 -0.29092199693435405     
 -0.23044771827244123     
  0.40379591049640795     
 -0.19981088883616208     
           1   14.140418469248882     
  -6.1239628734489279E-007
  -9.3994068146430198E-005
  -6.3320638573934800E-004
  -2.6282183483815301E-003
  -7.4731191950930193E-003
  -1.7493090281749574E-002
  -3.4867986796601656E-002
  -6.1969583602085689E-002
  -9.8864727860902585E-002
 -0.14312596635115907     
 -0.18609227234840964     
 -0.21411555976483523     
 -0.20748961431602300     
 -0.14980195295156895     
  -3.5744912972354645E-002
  0.11021759285571782     
  0.23203295336592905     
  0.25015344187454969     
  0.11793252322779611     
 -0.12052333200906142     
 -0.29002193621528183     
 -0.20168367801157172     
  0.13259827729005536     
  0.33174482967250019     
   4.5947301021840865E-002
 -0.36986464495324228     
  -1.5463522904489210E-002
  0.38039564365223633     
 -0.32644407545875259     
  0.13125859681303292     
           1   18.309635862205216     
  -4.3443016906143802E-006
  -1.0339547015751858E-004
  -8.7845139651910480E-004
  -3.4308996490765293E-003
  -9.9449196668788473E-003
  -2.2877121156342117E-002
  -4.5381742152270914E-002
  -7.8898690439749938E-002
 -0.12273080330505329     
 -0.16968526932435909     
 -0.20636664936013202     
 -0.21108248753859105     
 -0.16318169566913140     
  -5.2535972794358315E-002
   9.7890065941663676E-002
  0.22690715237852763     
  0.24482049808824968     
  0.10092946145879411     
 -0.14538396329079545     
 -0.29038561804360857     
 -0.14707200495656539     
  0.20006865004778621     
  0.30052091909554401     
  -7.9507844105196443E-002
 -0.35651335878760337     
  0.14525953103964229     
  0.28571716161962241     
 -0.38229945286843198     
  0.23016695621150485     
  -8.2352486623729584E-002
           1   23.297148655498869     
  -1.5464575378499380E-006
  -1.6094484591937949E-004
  -1.1049596541314272E-003
  -4.5465441479059284E-003
  -1.2857874726549144E-002
  -2.9649699652225601E-002
  -5.7698135921905140E-002
  -9.8509722251750781E-002
 -0.14753942959108551     
 -0.19331779396142176     
 -0.21357507840099077     
 -0.18318422024275791     
  -8.4071230965099469E-002
   6.8068366363003979E-002
  0.21217432554238597     
  0.24768421936321477     
  0.10946145375683013     
 -0.14372842811607095     
 -0.28730043544739975     
 -0.12211053094981016     
  0.22831157691448498     
  0.26837933047495371     
 -0.15127779056408161     
 -0.31552267024805597     
  0.23936524202566356     
  0.18318816525860718     
 -0.38458298521620382     
  0.29987538128462016     
 -0.14708627458607432     
   5.0207232926605304E-002
           1   29.261143183164393     
  -6.8641097029539301E-006
  -1.7838619227160060E-004
  -1.4860738497165385E-003
  -5.8062317479470700E-003
  -1.6655822236463065E-002
  -3.7697385409094050E-002
  -7.2577160988694198E-002
 -0.12016994342055513     
 -0.17271170606280395     
 -0.20971518682575063     
 -0.20301260259498802     
 -0.12495526217318170     
   2.1887502262213438E-002
  0.18423152788157504     
  0.25304170825653610     
  0.13885218317071682     
 -0.11928304758845454     
 -0.28508408609608971     
 -0.12681905830468271     
  0.23124867902895099     
  0.25362171292674285     
 -0.18206806443483534     
 -0.28224489987176582     
  0.28532834237645471     
  0.10526458804287457     
 -0.36280044265178002     
  0.33925353980225698     
 -0.20036701574007970     
   8.7876238326889122E-002
  -3.0244325175627140E-002
           1   36.405108583617867     
  -3.1286386016799478E-006
  -2.6658784223973411E-004
  -1.8517726727501685E-003
  -7.5561201571166239E-003
  -2.1169655155692507E-002
  -4.7802945209576737E-002
  -8.9757349282650445E-002
 -0.14426100734762382     
 -0.19542038640560772     
 -0.21530023556646130     
 -0.16774077627256498     
  -3.7899148202526281E-002
  0.13831032344416136     
  0.25127736608441709     
  0.18185852421380178     
  -7.1978751115127623E-002
 -0.27903075826625845     
 -0.15681996487855632     
  0.21379603879731768     
  0.25964266468413594     
 -0.18275566950779398     
 -0.27009354122339957     
  0.30212358868964867     
   6.0934592171227112E-002
 -0.33996837606062313     
  0.35711755970626530     
 -0.23741547222006976     
  0.12010344876617916     
  -5.0463890705619581E-002
   1.8268957788860674E-002
           1   44.997307588088979     
  -1.0851850171138347E-005
  -2.9922058352883208E-004
  -2.4573533397662418E-003
  -9.5744256716720245E-003
  -2.7089158633599293E-002
  -5.9835789065395981E-002
 -0.11022388141965635     
 -0.16926398269903606     
 -0.21369277726546432     
 -0.20316670683415261     
 -0.10487951897602954     
   7.1886179796004979E-002
  0.23094367625152343     
  0.22729216615843698     
  -1.8616064936349134E-003
 -0.25885401884824549     
 -0.20453934743637042     
  0.17381614958209740     
  0.28152762389347291     
 -0.15745518155306565     
 -0.28023338201899495     
  0.30032418315737647     
   4.9203190285145394E-002
 -0.32781208906104792     
  0.36342310929224025     
 -0.25876435256807745     
  0.14306897399037882     
  -6.7256823884646780E-002
   2.8565019579461261E-002
  -1.1194391953832896E-002
           1   55.394765850104314     
  -5.7552119127089018E-006
  -4.3848411563390127E-004
  -3.0673098292102324E-003
  -1.2400358058853445E-002
  -3.4234572675451526E-002
  -7.4982837771400981E-002
 -0.13334409204799416     
 -0.19484715165014255     
 -0.22184952318177889     
 -0.16839127839889603     
  -1.2040725822117121E-002
  0.18203298973638510     
  0.25942036176986788     
   8.6323651322715189E-002
 -0.21212184657604277     
 -0.25743178241010323     
  0.10646003729356526     
  0.30831291935747912     
 -0.10520026047813030     
 -0.30709419539709221     
  0.28195867543114012     
   6.6461022729658856E-002
 -0.32952292400655298     
  0.36432714904827496     
 -0.26722574659162784     
  0.15558579340417683     
  -7.8497365887145953E-002
   3.6470541230407515E-002
  -1.6286415337957053E-002
   7.0138844539531673E-003
           2  0.60467685829422180     
  -1.6974873100669701E-007
   7.9260343921049364E-007
  -2.1937743000322411E-006
   1.4465056306993929E-006
  -1.2097428554708045E-005
  -2.0689239491268195E-005
  -7.6025994161971230E-005
  -1.4563113206844935E-004
  -3.2875254544558461E-004
  -6.2062168060217371E-004
  -1.2053998793001299E-003
  -2.1253849589314413E-003
  -3.7051809479191912E-003
  -6.0897949294830660E-003
  -9.8199890361883972E-003
  -1.5193488335344124E-002
  -2.3059199783239063E-002
  -3.3920639941791710E-002
  -4.9025832641901058E-002
  -6.9003780510471360E-002
  -9.5471882669178873E-002
 -0.12885734602864204     
 -0.17074886795875183     
 -0.22033370665453986     
 -0.27804978521208212     
 -0.33895292585028503     
 -0.39909196622926313     
 -0.44117059868416220     
 -0.45700729060333967     
 -0.36384687662421300     
           2   1.4652632141322717     
  -1.9307128521163083E-007
   1.4661154569662623E-006
  -2.5867532950355564E-006
   1.1452025587686585E-005
   2.1783689831218184E-005
   1.0594806443010337E-004
   2.4208359603194418E-004
   5.8211515970523538E-004
   1.1573405519193745E-003
   2.3243425727551294E-003
   4.2955709000629663E-003
   7.7267868143965227E-003
   1.3071545349527657E-002
   2.1397238043972252E-002
   3.3443232473218565E-002
   5.0673280033962390E-002
   7.3853741693284486E-002
  0.10438469451911551     
  0.14209795500760630     
  0.18698361157081939     
  0.23573471544834537     
  0.28429083091747004     
  0.32265281218471481     
  0.33971481601687509     
  0.31619343904842512     
  0.23665571159028917     
   8.1520427569170939E-002
 -0.13820650976097223     
 -0.39507570200868908     
 -0.47997473231239673     
           2   2.7141567467909429     
  -1.8879921295306945E-007
   1.9043391597671442E-006
  -6.8049560756028139E-006
  -8.8864632671670097E-006
  -8.4062811857325286E-005
  -2.3470701744451690E-004
  -6.6295847395068193E-004
  -1.4252471916810984E-003
  -2.9841426431991280E-003
  -5.7446400737766502E-003
  -1.0721017430267245E-002
  -1.8745621263261909E-002
  -3.1384219810972731E-002
  -4.9759401549004975E-002
  -7.5612832800581314E-002
 -0.10937473418490090     
 -0.15133453173726499     
 -0.19862803079829705     
 -0.24681987651727005     
 -0.28590248137917129     
 -0.30380582050669708     
 -0.28286497802654448     
 -0.20957056135214816     
  -7.4422109680792228E-002
  0.10583956627354288     
  0.28839030034460772     
  0.37545043619808155     
  0.26470231954895634     
 -0.12334683649305005     
 -0.48057019278882512     
           2   4.3833552882223019     
   2.3383074464110380E-007
  -2.8875785814833329E-006
   1.5948583723022539E-006
  -4.2716964580066329E-005
  -1.4109442142855053E-004
  -5.2894145226649986E-004
  -1.3151435305779056E-003
  -2.9868552414875561E-003
  -5.9998340302279147E-003
  -1.1653438195952250E-002
  -2.1158190934597160E-002
  -3.6536941258078139E-002
  -5.9207767100380122E-002
  -9.0960039272360974E-002
 -0.13145855132289366     
 -0.17912894753585670     
 -0.22746248639803843     
 -0.26680974257835599     
 -0.28089937063708276     
 -0.25321523404696944     
 -0.16775274342433835     
  -2.5561479493485698E-002
  0.15041492013297075     
  0.29544532106758298     
  0.32512976592562087     
  0.15933625999295550     
 -0.15806482431073349     
 -0.40834918411035870     
 -0.16850091388449417     
  0.42544950588184405     
           2   6.4836527698027195     
   3.4670385797472562E-007
  -2.8850559225143545E-006
   1.5678271677203681E-005
   4.8904622615286467E-005
   2.9633324356506457E-004
   9.0980254375802182E-004
   2.4441770817871331E-003
   5.2979370511376201E-003
   1.0773709434498003E-002
   2.0352822830185600E-002
   3.6552204817333768E-002
   6.1150532917333231E-002
   9.6049844031876982E-002
  0.14026048109746397     
  0.19045333603018122     
  0.23670466772770313     
  0.26478612114503841     
  0.25404892792655698     
  0.18770471517498089     
   5.8472056828529156E-002
 -0.11009071251063578     
 -0.26156022902049209     
 -0.30448817943708073     
 -0.17217639393631265     
  0.11336281762377580     
  0.34423329304787825     
  0.24474569706552712     
 -0.23591974914076655     
 -0.36504569043438767     
  0.34175776904355620     
           2   9.0679760197199339     
   4.8613378697387787E-007
  -4.7581932688326183E-006
  -4.3870295138686826E-006
  -1.1734257928532602E-004
  -4.5410773243707809E-004
  -1.5957095004164213E-003
  -4.0241802730576976E-003
  -8.9032946889948464E-003
  -1.7591019681890047E-002
  -3.2966895634838012E-002
  -5.7404362570993163E-002
  -9.3268404055193696E-002
 -0.13944280175967966     
 -0.19149002195762430     
 -0.23683463496668952     
 -0.25746420827413113     
 -0.22942400477162359     
 -0.13709767971160691     
   1.6473511403318312E-002
  0.18606016813712517     
  0.29073422709908603     
  0.23612126853188894     
   6.8194857474031178E-003
 -0.26756553394527677     
 -0.30845496523932953     
   1.7726289396183276E-002
  0.38285268348930496     
   7.7547695858198443E-002
 -0.42393137562724026     
  0.24902879262863581     
           2   12.213487956459836     
  -6.3385533197846561E-007
   3.6426024932972803E-006
  -3.3320845886256506E-005
  -1.4841453214349938E-004
  -7.8584997638961557E-004
  -2.4835753666592668E-003
  -6.4976369922116490E-003
  -1.3924049862944777E-002
  -2.7419428319340858E-002
  -4.9877927459040981E-002
  -8.4629152176862912E-002
 -0.13123391515655683     
 -0.18515523945037562     
 -0.23225782708266898     
 -0.25146116122665824     
 -0.21545878134868973     
 -0.10868873407542835     
   5.7773196755644032E-002
  0.22130006015889406     
  0.28423114460491594     
  0.16053429973502589     
 -0.10917125093925177     
 -0.31639296773866982     
 -0.19126788327163036     
  0.20344851798510355     
  0.33699045544035239     
 -0.17094647835952856     
 -0.31792922056637574     
  0.37628069970468359     
 -0.16768830793911244     
           2   16.005188696305392     
   7.4509125551016764E-007
  -7.6181190642695357E-006
  -2.0783848369179199E-005
  -2.7780480878418268E-004
  -1.1505949576349303E-003
  -3.9138830814841336E-003
  -9.8333570651096981E-003
  -2.1165107639107030E-002
  -4.0497373134846935E-002
  -7.2099726344311485E-002
 -0.11716832257231823     
 -0.17242027389582151     
 -0.22363767988591310     
 -0.24764733928377397     
 -0.21326744466060987     
 -0.10219787202725304     
   7.1309685587537475E-002
  0.23261113583714760     
  0.27088363525090497     
  0.10713968373622965     
 -0.17351747547037549     
 -0.31231627073301316     
  -8.0280689088799179E-002
  0.29310312572953517     
  0.22289387625940146     
 -0.30865073894256201     
 -0.15106968193445380     
  0.39809088612356180     
 -0.28304803527225103     
  0.10703769911525673     
           2   20.539787556061000     
  -8.8906073412154569E-007
   4.1477493029326464E-006
  -6.8023025877998850E-005
  -3.6333650974544829E-004
  -1.8105841097605761E-003
  -5.7635770536838072E-003
  -1.4730563014595207E-002
  -3.0812457686248320E-002
  -5.8053779484427019E-002
  -9.9372759799233781E-002
 -0.15427782188727424     
 -0.21046286554241711     
 -0.24427313476881343     
 -0.22049806694059379     
 -0.11471723080582631     
   6.2100827577410062E-002
  0.22951662699382441     
  0.26389048400818821     
   8.3337886070992961E-002
 -0.20078719583039389     
 -0.29563180492854085     
  -6.4744443473289297E-003
  0.32239614664157934     
  0.11804348752090742     
 -0.35833587748217455     
  -4.3511258701393642E-003
  0.35233546055710618     
 -0.35257281049630973     
  0.18980988791064232     
  -6.6035251253195162E-002
           2   25.947841602319887     
   9.9814492613524294E-007
  -1.2416245195075423E-005
  -5.7590464728792086E-005
  -6.0509247252605474E-004
  -2.5823219038453348E-003
  -8.5830485229173772E-003
  -2.1243523309881926E-002
  -4.4122851341189616E-002
  -8.0248624160810286E-002
 -0.13221942298914902     
 -0.19200678750764633     
 -0.23806678596214337     
 -0.23226544891312603     
 -0.14148773726049987     
   3.3646857210489045E-002
  0.21474907743567276     
  0.26558052849401315     
   8.7419366576076296E-002
 -0.20331264728875628     
 -0.28585312144325725     
   2.8397017470510908E-002
  0.32661553322503611     
   4.9131628340331350E-002
 -0.36450080277831792     
   9.5351719667798401E-002
  0.28724332727632762     
 -0.37778374496139278     
  0.25533536570779619     
 -0.11724003199893064     
   3.9962040865698045E-002
           2   32.397731536878290     
  -1.2137533360331190E-006
   3.8786015055190536E-006
  -1.3573751506129210E-004
  -8.0487766757549831E-004
  -3.8705091142356533E-003
  -1.2264960990770700E-002
  -3.0496425391810494E-002
  -6.1371998436863161E-002
 -0.10838231016594833     
 -0.16849954189845290     
 -0.22581441961207990     
 -0.24244314739498990     
 -0.17626995005214297     
  -1.1271583366334825E-002
  0.18625269098751163     
  0.27120944653046380     
  0.11460657708290679     
 -0.18632326415150585     
 -0.28763588910795529     
   3.0059438628376480E-002
  0.32494069055961733     
   1.7954474323037206E-002
 -0.35857068745916276     
  0.15112165970812688     
  0.23253742007680181     
 -0.37873036938003529     
  0.29673304979599568     
 -0.16163213313192834     
   6.8636498229642504E-002
  -2.4078111591338724E-002
           2   40.107071026163510     
   1.3669497594016033E-006
  -2.0671286262554204E-005
  -1.3541872714788089E-004
  -1.2592712554165347E-003
  -5.4410749281465264E-003
  -1.7679480116354250E-002
  -4.2631766271999515E-002
  -8.4189645572915167E-002
 -0.14153851201544729     
 -0.20605789823474527     
 -0.24535470079860822     
 -0.21161035696473368     
  -6.8665418467890538E-002
  0.14061217226462719     
  0.27221183626238366     
  0.15868181489817773     
 -0.14930333630756823     
 -0.29691824048663007     
   3.3511919593270114E-003
  0.32281254873198389     
   1.9933972788345571E-002
 -0.35506861642822973     
  0.17315336922354896     
  0.20030008233242586     
 -0.37211060763775539     
  0.31933789433890575     
 -0.19313803481945507     
   9.3695511442226140E-002
  -3.9129479575511349E-002
   1.4642638810849349E-002
           2   49.359247132942848     
  -1.7389362919988850E-006
   1.7596708588377116E-006
  -2.6803337472824630E-004
  -1.6904164118761956E-003
  -7.9155349238039779E-003
  -2.4731814467889347E-002
  -5.9263589474446814E-002
 -0.11237571488362484     
 -0.17956038937110985     
 -0.23738254118491972     
 -0.23966270220144895     
 -0.13194423381321904     
   7.6162308678547633E-002
  0.25826828401178259     
  0.21060935006347334     
  -8.9943644997340852E-002
 -0.30437901245282722     
  -4.8182752657403738E-002
  0.31677191339065841     
   5.0601857912281001E-002
 -0.35689138504388657     
  0.16879381420077988     
  0.19260653431959793     
 -0.36749668037816330     
  0.32921207185476831     
 -0.21180789972833874     
  0.11142441847892573     
  -5.1674891562471924E-002
   2.2246127383409156E-002
  -9.0779143810295667E-003
           3  0.88517879049104864     
  -3.7650035378626518E-008
   7.5745330950953784E-007
  -2.2348126585430965E-006
   3.3512856672718262E-006
  -5.5351691928194629E-006
   6.3120802384251349E-006
  -1.1620269534817453E-005
  -1.3518584969867336E-006
  -4.4030421067817979E-005
  -5.9310603289796706E-005
  -1.8797277200485247E-004
  -3.5061646337497288E-004
  -7.7727565952119472E-004
  -1.4226745647658412E-003
  -2.7196493299740223E-003
  -4.7362489045709244E-003
  -8.2579999838881032E-003
  -1.3599540246366702E-002
  -2.2158598122349021E-002
  -3.4642380632777074E-002
  -5.3282176028387945E-002
  -7.9230517900139408E-002
 -0.11563241220730922     
 -0.16314165635653419     
 -0.22469919543129094     
 -0.29695321034224909     
 -0.37850029827456982     
 -0.45195004530947452     
 -0.51873765602783606     
 -0.44004496526868014     
           3   1.9200729077177765     
  -1.0667613488651070E-007
   1.1055511630950513E-006
  -2.9644918947799659E-006
   5.2397367974478708E-006
  -6.4271142485827475E-006
   1.3595335348725576E-005
   2.2206109779381935E-006
   6.1192762802499096E-005
   1.1423044077431496E-004
   3.5690802926813145E-004
   7.5397684600168110E-004
   1.7065399781668181E-003
   3.3509523561694966E-003
   6.5073385389215798E-003
   1.1702241730354352E-002
   2.0472015371906564E-002
   3.3930946820493718E-002
   5.4478273221569111E-002
   8.3517783936920484E-002
  0.12355866373913868     
  0.17431867513259000     
  0.23526243336321456     
  0.29891839654084845     
  0.35488679650374266     
  0.37954033463680209     
  0.34725593529348375     
  0.21910866917982252     
  -1.4291878599048485E-002
 -0.33553461955852887     
 -0.49654745068608208     
           3   3.4048680219175158     
  -1.8237493351351413E-007
   1.4738489368241123E-006
  -3.8306657860954375E-006
   6.7963088037140889E-006
  -1.1823488383337112E-005
   1.2504048121972568E-006
  -6.0548858791556881E-005
  -1.2371189506564618E-004
  -4.3107268067365292E-004
  -1.0038886438680991E-003
  -2.4074777426630451E-003
  -5.0025836439864168E-003
  -1.0053653180726815E-002
  -1.8625037173931259E-002
  -3.3017800286814801E-002
  -5.5012055369098735E-002
  -8.7444608641506619E-002
 -0.13107380765102683     
 -0.18601839444772608     
 -0.24644701813137229     
 -0.30258034993678212     
 -0.33386846623255817     
 -0.31685720952741198     
 -0.22306338883825702     
  -4.6268114282793080E-002
  0.18824939502161059     
  0.37201947889798315     
  0.35404754293312979     
  -1.6492618163729295E-002
 -0.46953173953049510     
           3   5.2703862936570829     
  -2.4116314872019935E-007
   1.9319264759232215E-006
  -5.0751469868629867E-006
   1.0028256591141044E-005
  -7.9550569390531217E-006
   4.3231554576678376E-005
   8.3350071063437720E-005
   3.6952943367562043E-004
   9.3094587390587320E-004
   2.4396554878005116E-003
   5.4034805713888325E-003
   1.1432648299261170E-002
   2.1998316185414844E-002
   4.0017175599911428E-002
   6.7634101965300439E-002
  0.10761998363028905     
  0.15916215266804587     
  0.21876477822353874     
  0.27384366520908293     
  0.30582187619011281     
  0.28628588206668970     
  0.19315261277641427     
   1.9376984191437015E-002
 -0.19013592788954967     
 -0.33947181232638840     
 -0.28529953589001777     
   1.6814258131475610E-002
  0.38517336539344910     
  0.26533100052674402     
 -0.41037785662313836     
           3   7.5754585060715147     
   2.6640079370524087E-007
  -2.3392358590558573E-006
   6.5785762201272080E-006
  -9.7505460597486234E-006
   2.7229746277281531E-005
   3.5118347522496313E-005
   2.4657496131156865E-004
   6.7784002754098520E-004
   2.0204140161535224E-003
   4.8525575439334334E-003
   1.1004378537402722E-002
   2.2312325693779580E-002
   4.2240523693187704E-002
   7.3361984405999614E-002
  0.11840139432883010     
  0.17507366653588469     
  0.23625675822843861     
  0.28309223915127579     
  0.28999774053644001     
  0.22581217163130199     
   7.8954250401752094E-002
 -0.12569031091512495     
 -0.29492207159487555     
 -0.30329993362981528     
  -6.7099526628476486E-002
  0.27125712108583494     
  0.34828554320714022     
 -0.11809567863537027     
 -0.40836674667006567     
  0.30882252502012647     
           3   10.442308637610720     
   2.7870836570824605E-007
  -2.7928821183851392E-006
   7.6407410999248173E-006
  -1.6115083633718553E-005
  -2.2440790314542897E-006
  -1.3450715278932150E-004
  -3.9262695605005984E-004
  -1.4021258552131179E-003
  -3.7150450807027567E-003
  -9.2314815249124917E-003
  -2.0030935344343116E-002
  -4.0056506908161121E-002
  -7.2459467123863849E-002
 -0.12025549157047709     
 -0.18028347062122757     
 -0.24248327974951769     
 -0.28264161995990988     
 -0.26955303354196641     
 -0.17194894054167001     
   7.6195562249403133E-003
  0.21194912782977091     
  0.31337965807601598     
  0.19533911629315320     
 -0.12311930652728752     
 -0.34947590402766165     
 -0.14807567824506176     
  0.33910190273303753     
  0.19236826553358569     
 -0.40979965384020789     
  0.21041665120424607     
           3   13.921180251123364     
  -3.1329842780559026E-007
   3.3858158511980069E-006
  -9.8804395664188307E-006
   1.0833810599718854E-005
  -6.1961220969889520E-005
  -1.6464556021884017E-004
  -7.9956214401594281E-004
  -2.3783163567156758E-003
  -6.6753197361884425E-003
  -1.5780570878437445E-002
  -3.3961291398735216E-002
  -6.5015973416230111E-002
 -0.11280041320766201     
 -0.17440825106418761     
 -0.23846783401244431     
 -0.27699918467803641     
 -0.25411662215045155     
 -0.13793712245674489     
   5.7550393571157751E-002
  0.25002347622833859     
  0.29145043700336448     
   9.2036455324045377E-002
 -0.23260526713486354     
 -0.31388085041431313     
   4.4416441749659460E-002
  0.38106050792602131     
  -4.7509621855000822E-002
 -0.37269529828387177     
  0.33869087180085794     
 -0.13807725260787035     
           3   18.070636747291502     
   3.7652524315447753E-007
  -4.1532511297359503E-006
   1.0843139248912368E-005
  -2.8404822203028437E-005
  -3.7890096974337209E-005
  -3.7317218192634309E-004
  -1.2461588061185237E-003
  -4.1415465673412316E-003
  -1.0908932502458715E-002
  -2.5854491263357589E-002
  -5.3349792842426740E-002
  -9.8580312118484351E-002
 -0.16022635141256386     
 -0.22769709781565683     
 -0.27121817593824871     
 -0.25040282589077650     
 -0.12932403031883441     
   7.3908230832341396E-002
  0.26076727341939071     
  0.26810329991278126     
   2.6909344688030995E-002
 -0.27888901214580786     
 -0.25115280941680285     
  0.16460469046588072     
  0.33436942945919079     
 -0.20482968350372574     
 -0.25141091284426309     
  0.39702853601573090     
 -0.24460311429363601     
   8.7638743193519136E-002
           3   23.011553616949779     
  -4.6649703888516939E-007
   4.9664800116184961E-006
  -1.4808549627730406E-005
   8.7531748582737691E-006
  -1.4475193364611207E-004
  -5.0878398618139171E-004
  -2.1830016861011060E-003
  -6.5630607855921329E-003
  -1.7621288257121118E-002
  -3.9994271718364095E-002
  -8.0286320814181827E-002
 -0.13980845881494577     
 -0.21092795523724628     
 -0.26460244630627505     
 -0.25650102593144369     
 -0.14252283001010979     
   6.4273782585807460E-002
  0.25801239164219503     
  0.25893528486640083     
   2.4671640609616040E-004
 -0.29370034678654161     
 -0.20455290722074898     
  0.22546540311192492     
  0.27467706198341385     
 -0.28668570657318948     
 -0.13854526179133519     
  0.38348153294745269     
 -0.32073545887239624     
  0.15844153098142974     
  -5.3752752418459962E-002
           3   28.914979187214268     
   5.7966675738371454E-007
  -6.0111163349989221E-006
   1.4634504322343993E-005
  -5.2556368258635232E-005
  -1.3766693799396431E-004
  -9.5120333712321364E-004
  -3.3352042603591223E-003
  -1.0570475899920469E-002
  -2.7027830945730042E-002
  -6.0287444855648346E-002
 -0.11469320454449072     
 -0.18746722097085103     
 -0.25348943843044164     
 -0.26664289150750647     
 -0.17185633488849070     
   3.2604367224532610E-002
  0.24429089889341640     
  0.26459936555238167     
   5.5217077033117030E-003
 -0.29428699392153851     
 -0.18534942959702894     
  0.24978617419711219     
  0.23281638708600733     
 -0.32307844546608161     
  -5.7145951887139106E-002
  0.35290775714843187     
 -0.35317030638056990     
  0.21686275928983287     
  -9.4825852628540500E-002
   3.2285342348488941E-002
           3   35.990307779245121     
  -7.1564986750588304E-007
   7.0974074079643770E-006
  -2.2375661031449036E-005
  -4.5382544317550365E-006
  -3.3621368966842006E-004
  -1.3581432786575873E-003
  -5.4414147667964782E-003
  -1.6117207932702458E-002
  -4.1056345775829027E-002
  -8.7133563397315983E-002
 -0.15743064775705293     
 -0.23411055869292713     
 -0.27355289792318183     
 -0.21011472156374658     
  -1.8684136424470896E-002
  0.21597886009504530     
  0.27925258546084047     
   3.8226314155063591E-002
 -0.28454653085585363     
 -0.19327014713928645     
  0.25059571785682128     
  0.21771303186394977     
 -0.33547972232889312     
  -1.1168848080406584E-002
  0.32475189812462929     
 -0.36759552409510687     
  0.25175848576831744     
 -0.13019255624547260     
   5.4167956082606696E-002
  -1.9353910186428406E-002
           3   44.503269029084237     
   8.7437185216776134E-007
  -8.7269549967621199E-006
   1.9203584670387458E-005
  -1.0294034016448890E-004
  -3.9297711906532019E-004
  -2.3184840465793597E-003
  -8.2077991212871123E-003
  -2.4795000283895998E-002
  -6.0136446780136563E-002
 -0.12274418145395566     
 -0.20453679408028455     
 -0.27019844288076633     
 -0.24837100328676931     
  -8.5940592554779371E-002
  0.16702400617584248     
  0.29252537737251505     
   9.4402222621390072E-002
 -0.26030314235429430     
 -0.22366533748710829     
  0.23128631790988596     
  0.22923635079456448     
 -0.33445140263285061     
   1.8948416672064819E-003
  0.30978703553675369     
 -0.37204016747510832     
  0.27298125156332614     
 -0.15292630608229363     
   7.2752191577552083E-002
  -3.0444184336358121E-002
   1.1768521189595456E-002
           3   54.800753783812702     
  -1.0673662702196943E-006
   1.0338389028678336E-005
  -3.5822558498605440E-005
  -4.6846339061568473E-005
  -7.8691988113710010E-004
  -3.3923591179868349E-003
  -1.2898323568040831E-002
  -3.6811551883519415E-002
  -8.7111197404586865E-002
 -0.16583889234570046     
 -0.25150823665096678     
 -0.27620829116311335     
 -0.16146075958967090     
   9.3041379130544596E-002
  0.29053384463154563     
  0.16714948703473581     
 -0.21309036201036977     
 -0.26762387960926831     
  0.18894350237682911     
  0.26246128069029723     
 -0.32153049454844274     
  -1.4357869419147353E-002
  0.31116409947422319     
 -0.37256749092279817     
  0.28171016055791481     
 -0.16611149104257025     
   8.4092942554327366E-002
  -3.9289474595350746E-002
   1.7230501809010552E-002
  -7.3253787599043873E-003
           4   1.0208164211637718     
  -2.0816790580431987E-007
   5.7983614308470591E-007
  -1.8362398639385597E-006
   3.4513586031839315E-006
  -5.4381365632940342E-006
   6.2266094583224883E-006
  -1.0464774135756787E-005
   7.4297131986209793E-006
  -1.9910627152288171E-005
   5.1394312660247732E-006
  -4.3452256136840507E-005
  -3.2739228871659607E-005
  -1.4599005366891865E-004
  -2.3364660891873326E-004
  -6.2385269730968389E-004
  -1.1673317379249858E-003
  -2.4341369609211082E-003
  -4.4360120163313352E-003
  -8.3412632001957747E-003
  -1.4571614996373576E-002
  -2.5421319278182721E-002
  -4.2047083219853613E-002
  -6.8923128028872294E-002
 -0.10859231695191549     
 -0.16829640355171396     
 -0.25049002829721401     
 -0.36531498926311062     
 -0.49304693662742666     
 -0.55329184541506760     
 -0.45495341427820657     
           4   2.4469516472622987     
  -9.0849367464265485E-008
   8.4890672736208497E-007
  -2.5781126083778694E-006
   4.8195513880412385E-006
  -7.3206750473345584E-006
   1.0502509289813227E-005
  -1.1814811809151256E-005
   2.0986798304530969E-005
  -3.5261226110130214E-006
   7.0303112014137800E-005
   1.0511558868521241E-004
   3.7377182054830965E-004
   7.7395472807649448E-004
   1.8587617913262942E-003
   3.7608689598984013E-003
   7.6711320888577491E-003
   1.4348044921243756E-002
   2.6198194004585274E-002
   4.5017948168203710E-002
   7.4698720243700445E-002
  0.11725938923399529     
  0.17593478214317412     
  0.24758430057338918     
  0.32614084350715994     
  0.38867059526189957     
  0.40435905968105945     
  0.31740025326300608     
   9.4054514038415235E-002
 -0.27795397993817039     
 -0.52691237528286439     
           4   4.0116375806709383     
   1.9334191629572271E-008
  -1.1509358766797482E-006
   3.3330527718211017E-006
  -6.4300709348337975E-006
   9.5924698574686170E-006
  -1.3744277639066159E-005
   2.0293786574219671E-005
  -9.6557252798996537E-006
   7.2167731840200531E-005
   1.2074959292729641E-004
   4.6704536831872027E-004
   1.0604482763657446E-003
   2.6626446135254900E-003
   5.6595152496859164E-003
   1.1796041160383337E-002
   2.2520949952220769E-002
   4.1240649785563313E-002
   7.0467900581236975E-002
  0.11419816948200827     
  0.17239459567164775     
  0.24275855410173589     
  0.31106945556343291     
  0.35473028025763476     
  0.33387926970255916     
  0.21510955357626863     
  -1.7557287787322469E-002
 -0.28739864866598647     
 -0.41338987989526893     
  -6.4262139310840766E-002
  0.50267430532862167     
           4   6.1124581870683592     
   3.6490472623415206E-008
  -1.3558601266265606E-006
   3.9497842052303430E-006
  -7.6483705130028558E-006
   1.1213315709132332E-005
  -1.8678760551153360E-005
   9.7251475328849931E-006
  -6.9999432936529527E-005
  -1.1951000857294811E-004
  -4.9389877447515522E-004
  -1.2165633248985026E-003
  -3.2158237064393133E-003
  -7.2206587308453049E-003
  -1.5588110980089252E-002
  -3.0627796083708733E-002
  -5.6709597937993100E-002
  -9.6883160444562674E-002
 -0.15416790084305318     
 -0.22428783498229957     
 -0.29570537042027606     
 -0.33999449461923137     
 -0.32059153913286553     
 -0.19809454258316714     
   2.5062914902698071E-002
  0.27676638070299248     
  0.37533541225791955     
  0.15664037056351060     
 -0.30416395065386187     
 -0.31395768508149807     
  0.36509670914672487     
           4   8.7640686875434888     
   1.3008853642951930E-007
  -1.7464111802449442E-006
   5.2849908346327927E-006
  -9.8919962520375624E-006
   1.6012468056810593E-005
  -1.6068206303002075E-005
   5.2646391515851637E-005
   6.9820465963882990E-005
   3.9629007044406707E-004
   1.0371725635636687E-003
   3.0202729024634322E-003
   7.2298198363682517E-003
   1.6464997498181384E-002
   3.3592489177314791E-002
   6.3749349878927358E-002
  0.11005819179889927     
  0.17406848062557129     
  0.24648652047656452     
  0.30692999745808663     
  0.31621736730174327     
  0.23503947807160619     
   4.4196240803886698E-002
 -0.19748418400313672     
 -0.34666448221032004     
 -0.22137506633300108     
  0.15432175572525508     
  0.39936572870825743     
  -2.9116332658897814E-003
 -0.42078987933497208     
  0.26710537750817887     
           4   11.888816158096715     
  -2.3926567678977520E-007
   2.2322604610762091E-006
  -6.8940856709347183E-006
   1.2909035442858741E-005
  -1.8401584537802014E-005
   3.7411768097751477E-005
   1.9206695020321581E-005
   2.6145686640178758E-004
   6.9746514116035877E-004
   2.3247069511136021E-003
   5.9896990210580219E-003
   1.4683981877242772E-002
   3.1608657381220859E-002
   6.2579807838898979E-002
  0.11107092517181429     
  0.17804498497524596     
  0.25085864145951298     
  0.30286767515098895     
  0.28788493939078813     
  0.16841512082390722     
  -5.2308357144474453E-002
 -0.27006812038022848     
 -0.31079313637876194     
  -5.3243769727250125E-002
  0.29948411963488764     
  0.27921294535394980     
 -0.25124252255488955     
 -0.27671953070595340     
  0.40878734840589726     
 -0.18797796703979144     
           4   15.625126206627005     
  -3.1598749706502713E-007
   2.6916160830613775E-006
  -8.2886062343615061E-006
   1.5145604356665146E-005
  -2.6895164722710301E-005
   1.0386935097632388E-005
  -1.5388117432846895E-004
  -3.9092757464642263E-004
  -1.5565678948536107E-003
  -4.3398825310665525E-003
  -1.1676911057444672E-002
  -2.6941636695807760E-002
  -5.6589759644580344E-002
 -0.10504084705333559     
 -0.17387033772104779     
 -0.24906295776759918     
 -0.29949455646601270     
 -0.27282009586496164     
 -0.13144073577910140     
  0.10440872398924113     
  0.29704881491535395     
  0.25870549856567504     
  -6.4538366695640031E-002
 -0.34209465145089923     
 -0.13357334494317941     
  0.35625051918141176     
   9.1635759407717177E-002
 -0.39576628455846374     
  0.31577062541465140     
 -0.12023144480919483     
           4   20.128525691178957     
   3.6527810964350397E-007
  -3.1914859637789822E-006
   9.6163722260590719E-006
  -1.8665613900181156E-005
   2.2350150537469257E-005
  -8.0044366782973833E-005
  -1.6063131906206293E-004
  -8.9791364353844841E-004
  -2.7171711939583750E-003
  -8.2247070447834282E-003
  -2.0679928861875672E-002
  -4.6967423748326194E-002
  -9.2772419898350653E-002
 -0.16151598466349887     
 -0.24016464335628487     
 -0.29547327668868056     
 -0.26918881879563117     
 -0.11933528692176074     
  0.12552093576550424     
  0.30374572697876079     
  0.21699730803198714     
 -0.13538473422135180     
 -0.33785619090373431     
  -1.5414892090796332E-002
  0.37763219076739940     
  -6.3452055202911695E-002
 -0.33588654869635792     
  0.36558560346451302     
 -0.21137522537706038     
   7.2847230267017352E-002
           4   25.522970078383992     
  -4.0665205733413931E-007
   3.8066823784639506E-006
  -1.1349293817297731E-005
   2.0675920690361855E-005
  -4.4302513343277294E-005
  -3.2002737379627216E-005
  -4.5165092251566049E-004
  -1.4566793761129936E-003
  -5.1181647604099057E-003
  -1.4178178043581773E-002
  -3.5500845202049915E-002
  -7.5949943573260889E-002
 -0.14179712947576345     
 -0.22356781859006211     
 -0.28919001384981063     
 -0.27540185506315273     
 -0.13047988243651856     
  0.12061715457003555     
  0.30206161482291405     
  0.19847991712929133     
 -0.16634892772774784     
 -0.32219960510293078     
   5.7183579544382239E-002
  0.36205234193949215     
 -0.16424365877869479     
 -0.25463187508628515     
  0.38903450170247489     
 -0.27052395107096078     
  0.12999085644386060     
  -4.3452965724691157E-002
           4   31.965389842372037     
   4.5757796728560223E-007
  -4.5624913551740577E-006
   1.3434340248710507E-005
  -2.7497314957860954E-005
   2.0431328646518235E-005
  -1.9538946860594845E-004
  -6.2612807988894127E-004
  -2.7917620050357922E-003
  -8.5969937368819728E-003
  -2.4227910472580324E-002
  -5.7150442318889265E-002
 -0.11675612420216101     
 -0.19928203043636331     
 -0.27789121266052885     
 -0.28711184092021891     
 -0.16117627326825734     
   9.2356947461327568E-002
  0.29557410592779076     
  0.20541500463547305     
 -0.16668469064123051     
 -0.31459785912960092     
   8.7572633839438835E-002
  0.34431032864286681     
 -0.21680341423032143     
 -0.19047951390614370     
  0.38261815362731000     
 -0.31594740399529081     
  0.17349636287580167     
  -7.5779878806985751E-002
   2.5929170976900989E-002
           4   39.678911309640299     
  -5.3008744667907182E-007
   5.4686748777457135E-006
  -1.6377824522924253E-005
   2.8136788035792694E-005
  -8.2924583278850520E-005
  -1.8111252204202214E-004
  -1.3151636610429082E-003
  -4.5584384423566649E-003
  -1.4837686751014250E-002
  -3.9140202789349786E-002
  -8.9230325966526663E-002
 -0.16810562905586277     
 -0.25828272601194202     
 -0.29739045149653831     
 -0.20502634243651907     
   4.1845344142946800E-002
  0.28026787169152212     
  0.23299973064983498     
 -0.14097508130977196     
 -0.31886197476452283     
   8.3672853559610835E-002
  0.33866161556965485     
 -0.23569763292510942     
 -0.15519067665661171     
  0.37121972087034305     
 -0.33735832640661079     
  0.20853778426620109     
 -0.10083827043729957     
   4.2835381643008964E-002
  -1.5609589957558600E-002
           4   48.967302042844850     
   6.3048172619342117E-007
  -6.5770851188336825E-006
   1.9498285757018683E-005
  -4.2840324730749021E-005
  -3.0934125637503452E-006
  -5.1630378313520932E-004
  -2.0139445639781733E-003
  -8.0671994316546258E-003
  -2.4110593378441035E-002
  -6.2464970272844339E-002
 -0.13221362421124158     
 -0.22818020234549150     
 -0.29834160187838116     
 -0.25287014679002201     
  -2.9146663724361130E-002
  0.24758989704961076     
  0.27178854737060187     
  -8.9300984889377488E-002
 -0.32937678223188749     
   4.9915894194023445E-002
  0.34627563655127941     
 -0.22976106899514348     
 -0.14892588281800107     
  0.36523838338659248     
 -0.34600002713162709     
  0.22749075841729940     
 -0.12043614627190095     
   5.5289081797159516E-002
  -2.4057972958729013E-002
   9.5714706136706927E-003
           5   1.6629042923767281     
   3.4293891896341459E-008
  -4.7996182060582015E-007
   1.6061014552202443E-006
  -3.3453538731211275E-006
   5.2622386110456260E-006
  -6.5683276397084205E-006
   1.1326293206612240E-005
  -1.0671730174814594E-005
   1.3065098468743711E-005
  -2.2470243011664902E-005
   1.7356778415470412E-005
  -2.4777612526537433E-005
   5.7785805281265576E-005
   4.4065920260599257E-005
   2.3359677700894880E-004
   3.8207626084787083E-004
   1.0402446645851493E-003
   2.0101803235220966E-003
   4.3726773391853874E-003
   8.2704124002695497E-003
   1.5928345665926203E-002
   2.8517957493469501E-002
   5.0405365437246670E-002
   8.4103107337828359E-002
  0.13710674649781410     
  0.21078044395752055     
  0.30912953789785580     
  0.42103370033305276     
  0.57577896928676164     
  0.56713979953639371     
           5   3.0085479582602663     
   6.4622945235346140E-008
  -6.8898105158617991E-007
   2.1639999799855486E-006
  -4.4313195913424553E-006
   7.1244130969204089E-006
  -1.0375364719610041E-005
   1.2499642518767449E-005
  -1.7431206270969140E-005
   1.9840467192479490E-005
  -2.7766450836604463E-005
   1.1691842351125814E-005
  -9.6559382813813345E-005
  -1.4669131379023420E-004
  -5.4465221345016256E-004
  -1.1438112535976245E-003
  -2.8138053907544851E-003
  -5.8504393855791231E-003
  -1.2255125320207423E-002
  -2.3521608476061349E-002
  -4.3862282751243736E-002
  -7.6479079640012923E-002
 -0.12761209693375367     
 -0.19854250035573848     
 -0.28937539130045298     
 -0.38198265371486256     
 -0.44532185453538914     
 -0.40861661226475077     
 -0.20920542569820499     
  0.19332705521441879     
  0.50961323666903058     
           5   4.9513757088095396     
   8.9699138936786596E-008
  -9.3804877866884758E-007
   2.9979771173550184E-006
  -5.8994879931615563E-006
   9.4518622482173397E-006
  -1.4299834035811623E-005
   1.6338305335611600E-005
  -2.2206346911508970E-005
   3.6868499556982119E-005
  -6.4572455478985287E-007
   1.3935406891100649E-004
   2.4155362233009101E-004
   8.3520342581236970E-004
   1.9154559961031355E-003
   4.7937936967343718E-003
   1.0335896821443700E-002
   2.1678805208360536E-002
   4.1617463469078020E-002
   7.5840380561505313E-002
  0.12760753504316008     
  0.20002389502088549     
  0.28408856536465116     
  0.36040200890344332     
  0.38266099860245234     
  0.29913950975944475     
   6.5534685916772126E-002
 -0.25046134006772108     
 -0.44781070188203564     
 -0.17380781483810848     
  0.43742395265484624     
           5   7.2188636076627501     
   1.1280981185274909E-007
  -1.2160052785075135E-006
   3.9490132711966296E-006
  -7.7380940256878495E-006
   1.2451929369633304E-005
  -1.8268390114754765E-005
   2.1423324997854466E-005
  -3.4693566803311644E-005
   1.7175629138452056E-005
  -1.1998418573461596E-004
  -2.1214298173315028E-004
  -8.7312145658808443E-004
  -2.1531897645720318E-003
  -5.6581356126345567E-003
  -1.2673850915339076E-002
  -2.7235441345574322E-002
  -5.2996419491743774E-002
  -9.6312466281413669E-002
 -0.15899737871075076     
 -0.23890244228641339     
 -0.31540925982455703     
 -0.35282987375141422     
 -0.29393502100858854     
 -0.10618218253360893     
  0.17784534770975902     
  0.37214339731151747     
  0.24178094008636278     
 -0.25618606836314589     
 -0.40094175063563003     
  0.35778924330714107     
           5   9.9945230677089434     
   1.3219662693877373E-007
  -1.4196600447538784E-006
   4.5671528023709129E-006
  -9.1426999204751697E-006
   1.4751440851694824E-005
  -2.0189014411150597E-005
   2.9603191623730587E-005
  -2.2434747564656719E-005
   9.6778687719352332E-005
   1.5862994796258815E-004
   7.7087322956249341E-004
   2.0328418439049820E-003
   5.7216676078310266E-003
   1.3525016192859181E-002
   3.0190129664907781E-002
   6.0298754385997640E-002
  0.11072350850637186     
  0.18181333580877423     
  0.26572657639083785     
  0.33067103217723243     
  0.32805197004975706     
  0.20110844214465967     
  -4.6878690375634316E-002
 -0.30393939210860071     
 -0.32733768659254470     
   6.8494877421422587E-003
  0.39699895683771902     
  0.10889819697282664     
 -0.43670203728175078     
  0.24484747640162460     
           5   13.424278036751515     
   1.6145513726375701E-007
  -1.6792300408703529E-006
   5.2939293030983222E-006
  -1.0796253068891065E-005
   1.7177217895916566E-005
  -2.4474278924299279E-005
   2.7913530680849137E-005
  -6.9362669197429734E-005
  -8.5729447706000018E-005
  -5.7706386730701088E-004
  -1.6152070629298799E-003
  -4.9843701245866319E-003
  -1.2552085021919545E-002
  -2.9574604851462599E-002
  -6.1460944751541582E-002
 -0.11572925719241267     
 -0.19177028831925760     
 -0.27699971905473042     
 -0.33019532031304327     
 -0.29380104325529416     
 -0.11818149157433898     
  0.15232357522245968     
  0.34247698663462622     
  0.21151759341409340     
 -0.19499432839824238     
 -0.36597761938460804     
  0.14407743906834308     
  0.35161447389401901     
 -0.36472810942768025     
  0.15600324246048783     
           5   17.538171568800855     
  -2.0215760612018291E-007
   2.0431664349976987E-006
  -6.3803119312238284E-006
   1.3062679014653821E-005
  -2.0959454673226244E-005
   2.7213920234205506E-005
  -5.2211532041397103E-005
  -1.7507980409152968E-005
  -3.5572769168055232E-004
  -1.0340277227886708E-003
  -3.6905079821511221E-003
  -1.0082330350444852E-002
  -2.5624454424731272E-002
  -5.6295203365158884E-002
 -0.11067223509046792     
 -0.18860939441723096     
 -0.27546549601607784     
 -0.32369211527413522     
 -0.26894306445246008     
  -6.6982816886496960E-002
  0.20597055407345208     
  0.33451764890459007     
  0.10603671260285009     
 -0.28835529758148992     
 -0.26513358202146708     
  0.29046783531542020     
  0.19392171874647299     
 -0.41207155170951176     
  0.26543893099441401     
  -9.7512598401918490E-002
           5   22.421843459929761     
   2.4988981850085571E-007
  -2.4750797204096217E-006
   7.7605746035215175E-006
  -1.5898013128053819E-005
   2.5042306648888070E-005
  -3.8580940039271691E-005
   2.3852120199759178E-005
  -1.9913492126779535E-004
  -5.4443586700210803E-004
  -2.3839300519407306E-003
  -7.1097354684871951E-003
  -1.9897272937604123E-002
  -4.7006771144777533E-002
  -9.8413444036326236E-002
 -0.17607383976687471     
 -0.26648945592049977     
 -0.31906515352909115     
 -0.26239493176863027     
  -4.9902503204950377E-002
  0.22508260758696844     
  0.31979989512895352     
   4.0960064383955934E-002
 -0.32298026359657311     
 -0.17447477966179645     
  0.35107983214758026     
   5.9967961632058309E-002
 -0.37747380627247329     
  0.34677483876744875     
 -0.17320181222433007     
   5.9407644139001028E-002
           5   28.250967759733978     
  -2.9712118160459523E-007
   2.9599606828207507E-006
  -9.3738972564442209E-006
   1.9106906691646804E-005
  -3.1350909033434392E-005
   3.6076597569284926E-005
  -1.0993189801446706E-004
  -2.0732637894267257E-004
  -1.3225421867777230E-003
  -4.3448909694060057E-003
  -1.3834671525232789E-002
  -3.5849658282060132E-002
  -8.1589955643611017E-002
 -0.15631148111809950     
 -0.25090116323353473     
 -0.31563488604711382     
 -0.27184239936358034     
  -6.1041005221156415E-002
  0.22244171252337683     
  0.31378092221748932     
   1.4433864590931725E-002
 -0.33249027782351298     
 -0.11695467485721431     
  0.36935317879255802     
  -3.1436769746394123E-002
 -0.32914391389310160     
  0.37413205619442036     
 -0.23889217159967410     
  0.10388222176535010     
  -3.5420499128401166E-002
           5   35.231964036645763     
   3.4470431375050680E-007
  -3.5350581025995326E-006
   1.1277727453672245E-005
  -2.3049543183138543E-005
   3.5797171415976028E-005
  -6.6497826558925224E-005
  -2.9993310204173924E-005
  -6.4121561136841606E-004
  -2.2603014442530251E-003
  -8.5383686178536772E-003
  -2.4702297032136090E-002
  -6.2456702809147738E-002
 -0.13067666024530300     
 -0.22740695938569178     
 -0.30874810617510795     
 -0.29100282863316163     
  -9.5355389960136705E-002
  0.20104207228790602     
  0.31763607545616401     
   2.0717064267357768E-002
 -0.33238481393870944     
  -9.4808815379090028E-002
  0.37213388234404010     
  -8.2141607339911660E-002
 -0.28845330044212891     
  0.38294340325820991     
 -0.27628965868407412     
  0.14467731039687207     
  -5.9307781615827435E-002
   2.1086023961049982E-002
           5   43.618730737590063     
  -3.9785482476465757E-007
   4.2488017158033678E-006
  -1.3608875193988859E-005
   2.7604521302746100E-005
  -4.7434062673879995E-005
   3.7304010967073191E-005
  -2.8295623613851229E-004
  -9.4264361969852151E-004
  -4.5910245087514004E-003
  -1.5101242380185467E-002
  -4.3574796597448603E-002
 -0.10163389366146998     
 -0.19591055185941189     
 -0.29373640743703860     
 -0.31229357812201936     
 -0.14811269223524831     
  0.15874678446436782     
  0.32591294650081970     
   5.6044586542636977E-002
 -0.32568462883015842     
 -0.10540957243260236     
  0.37131484728995534     
  -9.8424415536611978E-002
 -0.26663629974975517     
  0.38320296595965997     
 -0.29851866494636625     
  0.17090623219370327     
  -8.1006473914641053E-002
   3.3233261706896819E-002
  -1.2735248805182614E-002
           5   53.746939661422026     
   4.6395493657473545E-007
  -5.1518051660240607E-006
   1.6544462740137789E-005
  -3.4081380869091786E-005
   4.9964841084842905E-005
  -1.3141132739974309E-004
  -2.6885453709975233E-004
  -2.1229107589806192E-003
  -7.9989220653640131E-003
  -2.7271047480352754E-002
  -7.2424854462354651E-002
 -0.15804977029473849     
 -0.26703808769517595     
 -0.32673422394163765     
 -0.21197547500665037     
   9.2496743064589174E-002
  0.32812091205818905     
  0.11614861594797221     
 -0.30758452176246320     
 -0.14454412161240718     
  0.36834225746923416     
  -8.5360847145971974E-002
 -0.26625213126240405     
  0.38238580821904061     
 -0.30781286747831854     
  0.18616556916041874     
  -9.4658432615741805E-002
   4.3627317092042532E-002
  -1.8712819612917909E-002
   7.8729592128054873E-003
           6   1.6010939051782862     
  -1.7063071474006627E-007
   3.8161418747700399E-007
  -1.0182298182436338E-006
   1.7911502791499312E-006
  -3.5034479881260125E-006
   5.0151969078287088E-006
  -8.3009664375972827E-006
   7.9591669279395916E-006
  -1.0007835727034655E-005
   6.9187553837124515E-006
  -1.8584277999722350E-005
   9.5102783044832241E-006
  -2.9179379372153337E-005
   3.4349573112192631E-005
  -4.0291126569136259E-005
  -2.9034602512628118E-005
  -2.7306958105893640E-004
  -5.7706030062695671E-004
  -1.5294166592055691E-003
  -3.2730372958011842E-003
  -7.5937832614248390E-003
  -1.5300432804426979E-002
  -3.0655708921652241E-002
  -5.7981880965471001E-002
 -0.10893163913406356     
 -0.19330830580514152     
 -0.33879509241454131     
 -0.52972600482221521     
 -0.57355209274451369     
 -0.47096193021469390     
           6   3.4741109704625588     
  -2.0632205567825148E-008
  -6.2986944438231182E-007
   2.2087382278282902E-006
  -5.0729961376334403E-006
   8.1300185354895868E-006
  -1.1926387294165287E-005
   1.5398558491616195E-005
  -2.0839055691328280E-005
   2.5750530527942397E-005
  -3.3898340648662103E-005
   3.3554865807367747E-005
  -5.7758535759903372E-005
   1.9947002358338199E-005
  -1.4654624580605954E-004
  -1.7450136880984988E-004
  -7.6954666458562348E-004
  -1.5986888114957376E-003
  -4.1395710464357770E-003
  -8.6232079278992478E-003
  -1.8518793411309110E-002
  -3.5922746598651398E-002
  -6.7535653656426664E-002
 -0.11670685905569599     
 -0.19088645221524514     
 -0.28287195788565361     
 -0.37693129076385284     
 -0.41343985426498170     
 -0.29876867446927480     
  0.19447122999753377     
  0.65080319918113394     
           6   5.4228478633048622     
   4.6969236323896735E-008
   6.3008746969131449E-007
  -2.3160220400974548E-006
   4.8657959238692885E-006
  -7.9731035397317350E-006
   1.2036128127728774E-005
  -1.5179324514930002E-005
   2.0979623587823404E-005
  -2.6750118190322329E-005
   3.2253727933481950E-005
  -4.9333211165738395E-005
   6.8186718500332340E-007
  -2.1920171466990719E-004
  -4.5556757433683323E-004
  -1.4910411464287283E-003
  -3.4842755047800908E-003
  -8.5661866569392096E-003
  -1.8532841603624294E-002
  -3.8786307995847195E-002
  -7.4095799851732314E-002
 -0.13271203495050637     
 -0.21660677087220212     
 -0.32112854090152820     
 -0.41270209416682169     
 -0.43304206070095713     
 -0.29344991119457803     
   3.6530919205538977E-002
  0.40293250096107852     
  0.20008632539644133     
 -0.42099235757775433     
           6   8.2154605627321420     
  -4.3245604081409827E-008
   8.7859847419464914E-007
  -2.9931313940233543E-006
   6.1693290480647030E-006
  -1.0248468680239879E-005
   1.5263594618533627E-005
  -2.0182199780811029E-005
   2.7023126055191555E-005
  -2.9855922172750012E-005
   5.5510689884324081E-005
   8.1084195192091878E-006
   2.6241378089124535E-004
   5.8312414432134369E-004
   1.9880003478053541E-003
   4.9870062478705023E-003
   1.2577815741905817E-002
   2.7849014924551236E-002
   5.7969690198197601E-002
  0.10874468509962085     
  0.18637188556870130     
  0.28221401681874453     
  0.36932078446308975     
  0.38392600481667244     
  0.25716324112609806     
  -3.7956163281512835E-002
 -0.34975301300643435     
 -0.36231600461253888     
  0.13801708399575083     
  0.39531574568944455     
 -0.29862687523519882     
           6   11.274946376450618     
   1.7016221657645693E-007
  -1.3154159142109725E-006
   4.2341128410186035E-006
  -8.9391814683684170E-006
   1.4988199342657720E-005
  -2.2007564399997412E-005
   3.0446798658437893E-005
  -3.6614034118680007E-005
   5.4665003491064194E-005
  -1.8568038320895284E-005
   2.2673589237363917E-004
   4.7362463143225063E-004
   1.8657832454253764E-003
   4.8755553698733951E-003
   1.2994742836221066E-002
   2.9716221889306005E-002
   6.3212875484453243E-002
  0.11908599033869301     
  0.20119996432517237     
  0.29242211167427423     
  0.35277964971048537     
  0.30791728493395115     
  0.10906748261740445     
 -0.19766720124362450     
 -0.36538612125540765     
 -0.13876065177140087     
  0.34492364513258211     
  0.19932686328314225     
 -0.46634355128596633     
  0.23574375490804192     
           6   14.813825437903883     
   2.4117662007007775E-007
  -1.5443624203580375E-006
   4.9566142143496029E-006
  -1.0482081162362728E-005
   1.7840845229270480E-005
  -2.6224140580079246E-005
   3.5847527795160344E-005
  -4.8645038043405014E-005
   3.4401114908560258E-005
  -1.6594598815958283E-004
  -3.1710481710679154E-004
  -1.5091143935304625E-003
  -4.2326633428958621E-003
  -1.2137328181183684E-002
  -2.9203528253290641E-002
  -6.4559750105835950E-002
 -0.12465626931012179     
 -0.21237409990796516     
 -0.30485652093306020     
 -0.35073594753703513     
 -0.26772576050929997     
  -2.4495167378464335E-002
  0.27408048565859183     
  0.33145710454756405     
  -1.8150270474320003E-002
 -0.39452718270981585     
  -2.1640583806496409E-002
  0.38323188965714250     
 -0.36800084181412113     
  0.14904556859012735     
           6   19.258784220893215     
  -2.4836602687358206E-007
   1.6710578200611412E-006
  -5.5244547531028170E-006
   1.1517798092468213E-005
  -1.9726112494663559E-005
   2.9005075821940775E-005
  -4.1883404851666093E-005
   4.0769133585640632E-005
  -1.1673066499749371E-004
  -1.7734302426630937E-004
  -1.0953115372048126E-003
  -3.2973043494785650E-003
  -1.0317834922073325E-002
  -2.6512164596574406E-002
  -6.1861327404867779E-002
 -0.12422481998460252     
 -0.21649141248691040     
 -0.31157959266272789     
 -0.34772341407652163     
 -0.23540254538183375     
   3.9831852010630123E-002
  0.31830776357199436     
  0.27342501389529167     
 -0.14755664560707338     
 -0.37327925190741523     
  0.15280973452196786     
  0.31794710944637072     
 -0.36751517210752527     
  0.23331300797819107     
  -8.3199134801134306E-002
           6   24.645393945785415     
   2.4874142533343121E-007
  -1.9143486739958353E-006
   6.4915599291103994E-006
  -1.3438328209330442E-005
   2.2918864559653584E-005
  -3.4440769500604772E-005
   4.4173479637870259E-005
  -8.2651975884514778E-005
  -5.3140612462282831E-005
  -6.7790304865539112E-004
  -2.1591311267765948E-003
  -7.6775564593775780E-003
  -2.1415160433852998E-002
  -5.3765443954370030E-002
 -0.11415276304619487     
 -0.20749724279488901     
 -0.30629205193854586     
 -0.34248909639575947     
 -0.21841973916728688     
   7.2089966214980553E-002
  0.33166312600205128     
  0.21800109177701912     
 -0.22397833091699351     
 -0.31481980777843244     
  0.26344466186607468     
  0.19913733219258273     
 -0.40247791589005505     
  0.27704268147839811     
 -0.14006612254750447     
   4.7558850881244868E-002
           6   31.054426424208518     
  -2.5675020837676241E-007
   2.3026396943267010E-006
  -7.8485253174070448E-006
   1.6347816401452675E-005
  -2.7936614283060428E-005
   4.0700636786725387E-005
  -6.4845949668191477E-005
   2.1444000534360930E-005
  -3.7807252609660120E-004
  -1.1743908564412627E-003
  -4.9995280469428026E-003
  -1.5326720656416127E-002
  -4.2359757566783209E-002
  -9.7016821239904155E-002
 -0.18828431931785497     
 -0.29293342263311717     
 -0.34153586281913734     
 -0.22528494691287912     
   7.0072318316126592E-002
  0.33063813536654302     
  0.19240163393107756     
 -0.25364633300403372     
 -0.26838831878558839     
  0.31305332780052969     
  0.10702491520310924     
 -0.37984124744344705     
  0.34309052302562065     
 -0.18248255657959639     
   8.1933697034306002E-002
  -2.8140080640964300E-002
           6   38.673758956141057     
   2.7837475772126520E-007
  -2.8207308253253808E-006
   9.5345249631589491E-006
  -2.0094491320537712E-005
   3.4177619124627103E-005
  -5.2664215556419356E-005
   5.4285728323922175E-005
  -2.0409438853356913E-004
  -4.9680443793714911E-004
  -2.8387263478871928E-003
  -9.6550135721795091E-003
  -3.0218457748989035E-002
  -7.6203896368348664E-002
 -0.16154587797842762     
 -0.27165045867424886     
 -0.34199029072676157     
 -0.25173107181314891     
   3.9105281468331796E-002
  0.32271314297964226     
  0.19903709187776297     
 -0.25448907212311178     
 -0.25196025235903269     
  0.32909478932913494     
   5.7661422209818410E-002
 -0.35442931792605853     
  0.36458271393400105     
 -0.23435306375376327     
  0.10886202796409838     
  -4.6839809155574175E-002
   1.6990071345578655E-002
           6   47.802152347591651     
  -3.1715810235673249E-007
   3.4600726652680385E-006
  -1.1601825717862188E-005
   2.4628447249994180E-005
  -4.2261735652041305E-005
   5.9119435063924429E-005
  -1.2208810184709110E-004
  -1.2703979111516203E-004
  -1.4185823682418821E-003
  -5.2775524348206895E-003
  -1.9369671275997851E-002
  -5.4854383580026027E-002
 -0.12995198816674328     
 -0.24160455107481268     
 -0.33766947954731097     
 -0.28941957566727022     
  -1.7089162666900040E-002
  0.30430712586142472     
  0.23098946223102720     
 -0.23323910761919112     
 -0.26356591294765214     
  0.32717087697869662     
   4.5454613929671171E-002
 -0.34171820930076052     
  0.37134397070203556     
 -0.25716533114726592     
  0.13798955024565424     
  -6.0545394349571430E-002
   2.6434167635779264E-002
  -1.0416720946298041E-002
           6   58.839093830295880     
   3.7680279087815881E-007
  -4.2382946276691516E-006
   1.4202043044037370E-005
  -3.0182695807677219E-005
   5.1072050149232323E-005
  -8.5295893909072946E-005
   3.3417700706996653E-005
  -6.4357460642496412E-004
  -2.4223842476857756E-003
  -1.1006233601708798E-002
  -3.5650193054392557E-002
  -9.6726338398460579E-002
 -0.20302990962734174     
 -0.32201924179713759     
 -0.32747253623226896     
  -9.4167475452826208E-002
  0.26681309169261219     
  0.27805692936415238     
 -0.18837186281481641     
 -0.29586028297059153     
  0.31015867381539969     
   6.3576217980406677E-002
 -0.34363429947145147     
  0.37217097321710968     
 -0.26541901526564876     
  0.15039892674941782     
  -7.4054841622996082E-002
   3.2330726711481288E-002
  -1.5004663779272667E-002
   6.5162134099815555E-003
