   0.0000000000000000       -44.814120977106626       -6.1001924893534110     
  0.50000000000000000       -44.713295095199946       -6.1004908874263633     
   1.0000000000000000       -44.518209818568060       -6.1012507484795320     
   1.5000000000000000       -44.143081269772964       -6.1031808406340256     
   2.0000000000000000       -43.430286064778528       -6.1080518744252297     
   2.5000000000000000       -42.106017865634840       -6.1201427176392400     
   3.0000000000000000       -39.745532898347363       -6.1488813199820420     
   3.5000000000000000       -35.832903423608755       -6.2095657744798718     
   4.0000000000000000       -30.067748731650319       -6.2970145983907022     
   4.5000000000000000       -22.893570632926590       -6.2482383623434554     
   5.0000000000000000       -15.629889124728043       -5.5526465784894885     
   5.5000000000000000       -9.6601378377810079       -3.9247236808453811     
   6.0000000000000000       -5.5393034979462490       -2.1511821191510725     
   6.5000000000000000       -3.0255084780172998      -0.98832632972629453     
   7.0000000000000000       -1.6059793436758161      -0.41458723894796623     
   7.5000000000000000      -0.83913480813915942      -0.16706675563979451     
   8.0000000000000000      -0.43477808322174399       -6.6219355617996606E-002
   8.5000000000000000      -0.22427875226949331       -2.6074134787159569E-002
   9.0000000000000000      -0.11542897173448555       -1.0240024187753941E-002
   9.5000000000000000       -5.9337401038538351E-002  -4.0174100422921688E-003
   10.000000000000000       -3.0484431081845117E-002  -1.5754923954820607E-003
   10.500000000000000       -1.5656398624461422E-002  -6.1775718834011480E-004
   11.000000000000000       -8.0396265133994820E-003  -2.4221017434130699E-004
   11.500000000000000       -4.1280413730189792E-003  -9.4963431864642292E-005
   12.000000000000000       -2.1195018821170797E-003  -3.7231992742332807E-005
   12.500000000000000       -1.0882135337183809E-003  -1.4597367397754080E-005
   13.000000000000000       -5.5871404321291673E-004  -5.7231108816061599E-006
   13.500000000000000       -2.8685509046869512E-004  -2.2438278395922771E-006
   14.000000000000000       -1.4727677174744539E-004  -8.7972474135139711E-007
   14.500000000000000       -7.5614536478666014E-005  -3.4490861489798842E-007
   15.000000000000000       -3.8821829273047367E-005  -1.3522633037532708E-007
   15.500000000000000       -1.9931800122600722E-005  -5.3017406318017549E-008
   16.000000000000000       -1.0233329605461494E-005  -2.0786228169716595E-008
   16.500000000000000       -5.2539671865340214E-006  -8.1495363622762938E-009
   17.000000000000000       -2.6974768499176592E-006  -3.1951416256705993E-009
   17.500000000000000       -1.3849308334081077E-006  -1.2527007121627329E-009
   18.000000000000000       -7.1104720921459314E-007  -4.9113912868459741E-010
   18.500000000000000       -3.6506381246285721E-007  -1.9255807981199615E-010
   19.000000000000000       -1.8743001159890006E-007  -7.5495133526569581E-011
   19.500000000000000       -9.6229776770721992E-008  -2.9598940702545977E-011
   20.000000000000000       -4.9406014806272210E-008  -1.1604685623900503E-011
