   0.0000000000000000        12.499494161896305        0.0000000000000000     
  0.50000000000000000        12.455003131029518        0.0000000000000000     
   1.0000000000000000        12.321530038429161        0.0000000000000000     
   1.5000000000000000        12.099074884095234        0.0000000000000000     
   2.0000000000000000        11.787637668027736        0.0000000000000000     
   2.5000000000000000        11.387218390226668        0.0000000000000000     
   3.0000000000000000        10.897817050692028        0.0000000000000000     
   3.5000000000000000        10.319433649423818        0.0000000000000000     
   4.0000000000000000        9.6520681864220368        0.0000000000000000     
   4.5000000000000000        8.8957206616866831        0.0000000000000000     
   5.0000000000000000        8.0640003204345696        0.0000000000000000     
   5.5000000000000000        7.3309093822132461        0.0000000000000000     
   6.0000000000000000        6.7200002670288086        0.0000000000000000     
   6.5000000000000000        6.2030771695650539        0.0000000000000000     
   7.0000000000000000        5.7600002288818359        0.0000000000000000     
   7.5000000000000000        5.3760002136230467        0.0000000000000000     
   8.0000000000000000        5.0400002002716064        0.0000000000000000     
   8.5000000000000000        4.7435296002556298        0.0000000000000000     
   9.0000000000000000        4.4800001780192060        0.0000000000000000     
   9.5000000000000000        4.2442106949655631        0.0000000000000000     
   10.000000000000000        4.0320001602172848        0.0000000000000000     
   10.500000000000000        3.8400001525878906        0.0000000000000000     
   11.000000000000000        3.6654546911066230        0.0000000000000000     
   11.500000000000000        3.5060870958411177        0.0000000000000000     
   12.000000000000000        3.3600001335144043        0.0000000000000000     
   12.500000000000000        3.2256001281738280        0.0000000000000000     
   13.000000000000000        3.1015385847825270        0.0000000000000000     
   13.500000000000000        2.9866667853461371        0.0000000000000000     
   14.000000000000000        2.8800001144409180        0.0000000000000000     
   14.500000000000000        2.7806897656670930        0.0000000000000000     
   15.000000000000000        2.6880001068115233        0.0000000000000000     
   15.500000000000000        2.6012904259466354        0.0000000000000000     
   16.000000000000000        2.5200001001358032        0.0000000000000000     
   16.500000000000000        2.4436364607377485        0.0000000000000000     
   17.000000000000000        2.3717648001278149        0.0000000000000000     
   17.500000000000000        2.3040000915527346        0.0000000000000000     
   18.000000000000000        2.2400000890096030        0.0000000000000000     
   18.500000000000000        2.1794595460633972        0.0000000000000000     
   19.000000000000000        2.1221053474827816        0.0000000000000000     
   19.500000000000000        2.0676923898550181        0.0000000000000000     
   20.000000000000000        2.0160000801086424        0.0000000000000000     
