  -1.0000000000000000        1.0000000000000000     
 -0.99333333333333329       0.98006666666666664     
 -0.98666666666666669       0.96026666666666660     
 -0.97999999999999998       0.94059999999999988     
 -0.97333333333333338       0.92106666666666670     
 -0.96666666666666667       0.90166666666666662     
 -0.95999999999999996       0.88239999999999985     
 -0.95333333333333337       0.86326666666666685     
 -0.94666666666666666       0.84426666666666650     
 -0.93999999999999995       0.82539999999999991     
 -0.93333333333333335       0.80666666666666664     
 -0.92666666666666664       0.78806666666666647     
 -0.92000000000000004       0.76960000000000006     
 -0.91333333333333333       0.75126666666666675     
 -0.90666666666666662       0.73306666666666653     
 -0.90000000000000002       0.71500000000000008     
 -0.89333333333333331       0.69706666666666650     
 -0.88666666666666671       0.67926666666666669     
 -0.88000000000000000       0.66159999999999997     
 -0.87333333333333329       0.64406666666666657     
 -0.86666666666666670       0.62666666666666671     
 -0.85999999999999999       0.60939999999999994     
 -0.85333333333333328       0.59226666666666650     
 -0.84666666666666668       0.57526666666666659     
 -0.83999999999999997       0.55840000000000001     
 -0.83333333333333326       0.54166666666666652     
 -0.82666666666666666       0.52506666666666657     
 -0.81999999999999995       0.50859999999999994     
 -0.81333333333333335       0.49226666666666663     
 -0.80666666666666664       0.47606666666666664     
 -0.80000000000000004       0.46000000000000019     
 -0.79333333333333333       0.44406666666666661     
 -0.78666666666666663       0.42826666666666657     
 -0.78000000000000003       0.41259999999999997     
 -0.77333333333333332       0.39706666666666657     
 -0.76666666666666661       0.38166666666666649     
 -0.76000000000000001       0.36640000000000006     
 -0.75333333333333330       0.35126666666666650     
 -0.74666666666666659       0.33626666666666649     
 -0.73999999999999999       0.32139999999999991     
 -0.73333333333333339       0.30666666666666675     
 -0.72666666666666657       0.29206666666666647     
 -0.71999999999999997       0.27760000000000007     
 -0.71333333333333337       0.26326666666666676     
 -0.70666666666666667       0.24906666666666666     
 -0.69999999999999996       0.23499999999999988     
 -0.69333333333333336       0.22106666666666674     
 -0.68666666666666665       0.20726666666666671     
 -0.67999999999999994       0.19359999999999999     
 -0.67333333333333334       0.18006666666666671     
 -0.66666666666666663       0.16666666666666663     
 -0.65999999999999992       0.15339999999999987     
 -0.65333333333333332       0.14026666666666665     
 -0.64666666666666672       0.12726666666666675     
 -0.63999999999999990       0.11439999999999984     
 -0.63333333333333330       0.10166666666666657     
 -0.62666666666666671        8.9066666666666738E-002
 -0.62000000000000000        7.6600000000000001E-002
 -0.61333333333333329        6.4266666666666583E-002
 -0.60666666666666669        5.2066666666666706E-002
 -0.59999999999999998        3.9999999999999925E-002
 -0.59333333333333327        2.8066666666666573E-002
 -0.58666666666666667        1.6266666666666652E-002
 -0.57999999999999996        4.5999999999999375E-003
 -0.57333333333333325       -6.9333333333334579E-003
 -0.56666666666666665       -1.8333333333333368E-002
 -0.56000000000000005       -2.9599999999999904E-002
 -0.55333333333333323       -4.0733333333333510E-002
 -0.54666666666666663       -5.1733333333333409E-002
 -0.54000000000000004       -6.2599999999999933E-002
 -0.53333333333333333       -7.3333333333333306E-002
 -0.52666666666666662       -8.3933333333333415E-002
 -0.52000000000000002       -9.4399999999999984E-002
 -0.51333333333333331      -0.10473333333333334     
 -0.50666666666666660      -0.11493333333333344     
 -0.50000000000000000      -0.12500000000000000     
 -0.49333333333333329      -0.13493333333333335     
 -0.48666666666666658      -0.14473333333333344     
 -0.47999999999999998      -0.15440000000000004     
 -0.47333333333333327      -0.16393333333333338     
 -0.46666666666666667      -0.17333333333333334     
 -0.45999999999999996      -0.18260000000000004     
 -0.45333333333333325      -0.19173333333333342     
 -0.44666666666666666      -0.20073333333333337     
 -0.43999999999999995      -0.20960000000000006     
 -0.43333333333333335      -0.21833333333333332     
 -0.42666666666666664      -0.22693333333333338     
 -0.41999999999999993      -0.23540000000000011     
 -0.41333333333333333      -0.24373333333333336     
 -0.40666666666666662      -0.25193333333333345     
 -0.39999999999999991      -0.26000000000000012     
 -0.39333333333333331      -0.26793333333333336     
 -0.38666666666666660      -0.27573333333333344     
 -0.38000000000000000      -0.28339999999999999     
 -0.37333333333333329      -0.29093333333333338     
 -0.36666666666666659      -0.29833333333333345     
 -0.35999999999999999      -0.30559999999999998     
 -0.35333333333333328      -0.31273333333333342     
 -0.34666666666666668      -0.31973333333333331     
 -0.33999999999999997      -0.32660000000000000     
 -0.33333333333333326      -0.33333333333333337     
 -0.32666666666666666      -0.33993333333333331     
 -0.31999999999999995      -0.34640000000000004     
 -0.31333333333333324      -0.35273333333333345     
 -0.30666666666666664      -0.35893333333333333     
 -0.29999999999999993      -0.36500000000000005     
 -0.29333333333333333      -0.37093333333333334     
 -0.28666666666666663      -0.37673333333333336     
 -0.27999999999999992      -0.38240000000000007     
 -0.27333333333333332      -0.38793333333333335     
 -0.26666666666666661      -0.39333333333333337     
 -0.25999999999999990      -0.39860000000000007     
 -0.25333333333333330      -0.40373333333333339     
 -0.24666666666666659      -0.40873333333333339     
 -0.23999999999999999      -0.41360000000000002     
 -0.23333333333333328      -0.41833333333333339     
 -0.22666666666666657      -0.42293333333333338     
 -0.21999999999999997      -0.42740000000000000     
 -0.21333333333333326      -0.43173333333333336     
 -0.20666666666666667      -0.43593333333333334     
 -0.19999999999999996      -0.44000000000000006     
 -0.19333333333333325      -0.44393333333333340     
 -0.18666666666666665      -0.44773333333333332     
 -0.17999999999999994      -0.45140000000000002     
 -0.17333333333333323      -0.45493333333333341     
 -0.16666666666666663      -0.45833333333333337     
 -0.15999999999999992      -0.46160000000000001     
 -0.15333333333333332      -0.46473333333333333     
 -0.14666666666666661      -0.46773333333333333     
 -0.13999999999999990      -0.47060000000000002     
 -0.13333333333333330      -0.47333333333333333     
 -0.12666666666666659      -0.47593333333333337     
 -0.12000000000000000      -0.47839999999999999     
 -0.11333333333333329      -0.48073333333333335     
 -0.10666666666666658      -0.48293333333333338     
  -9.9999999999999978E-002 -0.48499999999999999     
  -9.3333333333333268E-002 -0.48693333333333333     
  -8.6666666666666559E-002 -0.48873333333333335     
  -7.9999999999999960E-002 -0.49040000000000000     
  -7.3333333333333250E-002 -0.49193333333333333     
  -6.6666666666666652E-002 -0.49333333333333335     
  -5.9999999999999942E-002 -0.49459999999999998     
  -5.3333333333333233E-002 -0.49573333333333336     
  -4.6666666666666634E-002 -0.49673333333333336     
  -3.9999999999999925E-002 -0.49759999999999999     
  -3.3333333333333326E-002 -0.49833333333333335     
  -2.6666666666666616E-002 -0.49893333333333334     
  -1.9999999999999907E-002 -0.49940000000000001     
  -1.3333333333333308E-002 -0.49973333333333331     
  -6.6666666666665986E-003 -0.49993333333333334     
   0.0000000000000000      -0.50000000000000000     
   6.6666666666668206E-003 -0.49993333333333334     
   1.3333333333333419E-002 -0.49973333333333331     
   2.0000000000000018E-002 -0.49940000000000001     
   2.6666666666666838E-002 -0.49893333333333334     
   3.3333333333333437E-002 -0.49833333333333335     
   4.0000000000000036E-002 -0.49759999999999999     
   4.6666666666666634E-002 -0.49673333333333336     
   5.3333333333333455E-002 -0.49573333333333330     
   6.0000000000000053E-002 -0.49459999999999998     
   6.6666666666666652E-002 -0.49333333333333335     
   7.3333333333333472E-002 -0.49193333333333328     
   8.0000000000000071E-002 -0.49040000000000000     
   8.6666666666666670E-002 -0.48873333333333335     
   9.3333333333333490E-002 -0.48693333333333327     
  0.10000000000000009      -0.48499999999999999     
  0.10666666666666669      -0.48293333333333333     
  0.11333333333333351      -0.48073333333333329     
  0.12000000000000011      -0.47839999999999994     
  0.12666666666666671      -0.47593333333333332     
  0.13333333333333330      -0.47333333333333333     
  0.14000000000000012      -0.47059999999999996     
  0.14666666666666672      -0.46773333333333333     
  0.15333333333333332      -0.46473333333333333     
  0.16000000000000014      -0.46159999999999995     
  0.16666666666666674      -0.45833333333333331     
  0.17333333333333334      -0.45493333333333330     
  0.18000000000000016      -0.45139999999999991     
  0.18666666666666676      -0.44773333333333326     
  0.19333333333333336      -0.44393333333333329     
  0.20000000000000018      -0.43999999999999989     
  0.20666666666666678      -0.43593333333333328     
  0.21333333333333337      -0.43173333333333330     
  0.21999999999999997      -0.42740000000000000     
  0.22666666666666679      -0.42293333333333327     
  0.23333333333333339      -0.41833333333333328     
  0.23999999999999999      -0.41360000000000002     
  0.24666666666666681      -0.40873333333333323     
  0.25333333333333341      -0.40373333333333328     
  0.26000000000000001      -0.39860000000000001     
  0.26666666666666683      -0.39333333333333320     
  0.27333333333333343      -0.38793333333333324     
  0.28000000000000003      -0.38239999999999996     
  0.28666666666666685      -0.37673333333333320     
  0.29333333333333345      -0.37093333333333323     
  0.30000000000000004      -0.36499999999999999     
  0.30666666666666664      -0.35893333333333333     
  0.31333333333333346      -0.35273333333333323     
  0.32000000000000006      -0.34639999999999993     
  0.32666666666666666      -0.33993333333333331     
  0.33333333333333348      -0.33333333333333315     
  0.34000000000000008      -0.32659999999999989     
  0.34666666666666668      -0.31973333333333331     
  0.35333333333333350      -0.31273333333333320     
  0.36000000000000010      -0.30559999999999987     
  0.36666666666666670      -0.29833333333333334     
  0.37333333333333352      -0.29093333333333316     
  0.38000000000000012      -0.28339999999999987     
  0.38666666666666671      -0.27573333333333327     
  0.39333333333333331      -0.26793333333333336     
  0.40000000000000013      -0.25999999999999984     
  0.40666666666666673      -0.25193333333333323     
  0.41333333333333333      -0.24373333333333336     
  0.42000000000000015      -0.23539999999999983     
  0.42666666666666675      -0.22693333333333321     
  0.43333333333333335      -0.21833333333333332     
  0.44000000000000017      -0.20959999999999979     
  0.44666666666666677      -0.20073333333333321     
  0.45333333333333337      -0.19173333333333331     
  0.46000000000000019      -0.18259999999999976     
  0.46666666666666679      -0.17333333333333317     
  0.47333333333333338      -0.16393333333333326     
  0.48000000000000020      -0.15439999999999970     
  0.48666666666666680      -0.14473333333333316     
  0.49333333333333340      -0.13493333333333324     
  0.50000000000000000      -0.12500000000000000     
  0.50666666666666682      -0.11493333333333311     
  0.51333333333333342      -0.10473333333333318     
  0.52000000000000002       -9.4399999999999984E-002
  0.52666666666666684       -8.3933333333333082E-002
  0.53333333333333344       -7.3333333333333195E-002
  0.54000000000000004       -6.2599999999999933E-002
  0.54666666666666686       -5.1733333333333020E-002
  0.55333333333333345       -4.0733333333333122E-002
  0.56000000000000005       -2.9599999999999904E-002
  0.56666666666666687       -1.8333333333332980E-002
  0.57333333333333347       -6.9333333333330693E-003
  0.58000000000000007        4.6000000000001595E-003
  0.58666666666666667        1.6266666666666652E-002
  0.59333333333333349        2.8066666666666906E-002
  0.60000000000000009        4.0000000000000147E-002
  0.60666666666666669        5.2066666666666706E-002
  0.61333333333333351        6.4266666666667027E-002
  0.62000000000000011        7.6600000000000223E-002
  0.62666666666666671        8.9066666666666738E-002
  0.63333333333333353       0.10166666666666702     
  0.64000000000000012       0.11440000000000028     
  0.64666666666666672       0.12726666666666675     
  0.65333333333333354       0.14026666666666709     
  0.66000000000000014       0.15340000000000031     
  0.66666666666666674       0.16666666666666674     
  0.67333333333333334       0.18006666666666671     
  0.68000000000000016       0.19360000000000033     
  0.68666666666666676       0.20726666666666693     
  0.69333333333333336       0.22106666666666674     
  0.70000000000000018       0.23500000000000032     
  0.70666666666666678       0.24906666666666677     
  0.71333333333333337       0.26326666666666676     
  0.72000000000000020       0.27760000000000040     
  0.72666666666666679       0.29206666666666703     
  0.73333333333333339       0.30666666666666675     
  0.74000000000000021       0.32140000000000046     
  0.74666666666666681       0.33626666666666694     
  0.75333333333333341       0.35126666666666684     
  0.76000000000000001       0.36640000000000006     
  0.76666666666666683       0.38166666666666715     
  0.77333333333333343       0.39706666666666690     
  0.78000000000000003       0.41259999999999997     
  0.78666666666666685       0.42826666666666702     
  0.79333333333333345       0.44406666666666694     
  0.80000000000000004       0.46000000000000019     
  0.80666666666666687       0.47606666666666719     
  0.81333333333333346       0.49226666666666696     
  0.82000000000000006       0.50860000000000016     
  0.82666666666666688       0.52506666666666701     
  0.83333333333333348       0.54166666666666696     
  0.84000000000000008       0.55840000000000023     
  0.84666666666666668       0.57526666666666659     
  0.85333333333333350       0.59226666666666716     
  0.86000000000000010       0.60940000000000016     
  0.86666666666666670       0.62666666666666671     
  0.87333333333333352       0.64406666666666723     
  0.88000000000000012       0.66160000000000041     
  0.88666666666666671       0.67926666666666669     
  0.89333333333333353       0.69706666666666717     
  0.90000000000000013       0.71500000000000030     
  0.90666666666666673       0.73306666666666676     
  0.91333333333333355       0.75126666666666719     
  0.92000000000000015       0.76960000000000051     
  0.92666666666666675       0.78806666666666692     
  0.93333333333333335       0.80666666666666664     
  0.94000000000000017       0.82540000000000036     
  0.94666666666666677       0.84426666666666694     
  0.95333333333333337       0.86326666666666685     
  0.96000000000000019       0.88240000000000074     
  0.96666666666666679       0.90166666666666706     
  0.97333333333333338       0.92106666666666670     
  0.98000000000000020       0.94060000000000055     
  0.98666666666666680       0.96026666666666705     
  0.99333333333333340       0.98006666666666709     
   1.0000000000000000        1.0000000000000000     
