   1.0000000000000000E-014   1.7607716305971941     
   7.5000000000009948E-002   1.5835284203243976     
  0.15000000000000988        1.4207635434457107     
  0.22500000000000980        1.2714573419590476     
  0.30000000000000976        1.1346547130847624     
  0.37500000000000971        1.0094613307500691     
  0.45000000000000961       0.89504007544305397     
  0.52500000000000957       0.79060766146762851     
  0.60000000000000953       0.69543145118710836     
  0.67500000000000948       0.60882644637303596     
  0.75000000000000944       0.53015244727877675     
  0.82500000000000939       0.45881137053548632     
  0.90000000000000924       0.39424471742252282     
  0.97500000000000919       0.33593118449635817     
   1.0500000000000091       0.28338440897264788     
   1.1250000000000091       0.23615084164632999     
   1.2000000000000091       0.19380774050549021     
   1.2750000000000090       0.15596127854712391     
   1.3500000000000090       0.12224475963778562     
   1.4250000000000089        9.2316936580270750E-002
   1.5000000000000089        6.5860425849740264E-002
   1.5750000000000088        4.2580213749843505E-002
   1.6500000000000088        2.2202249012161689E-002
   1.7250000000000087        4.4721171213730031E-003
   1.8000000000000085       -1.0846208105392221E-002
   1.8750000000000084       -2.3971539922854643E-002
   1.9500000000000084       -3.5106585061484979E-002
   2.0250000000000088       -4.4438984936228908E-002
   2.1000000000000085       -5.2142295265227477E-002
   2.1750000000000087       -5.8376907513774640E-002
   2.2500000000000084       -6.3290915398452802E-002
   2.3250000000000086       -6.7020929515249211E-002
   2.4000000000000083       -6.9692842993018964E-002
   2.4750000000000081       -7.1422550919507333E-002
   2.5500000000000083       -7.2316626140853352E-002
   2.6250000000000080       -7.2472953896692005E-002
   2.7000000000000082       -7.1981327621273752E-002
   2.7750000000000079       -7.0924008116079462E-002
   2.8500000000000081       -6.9376248180891983E-002
   2.9250000000000078       -6.7406784677869397E-002
   3.0000000000000080       -6.5078299896549077E-002
   3.0750000000000077       -6.2447853986605670E-002
   3.1500000000000079       -5.9567290129314984E-002
   3.2250000000000076       -5.6483614027777407E-002
   3.3000000000000078       -5.3239349209781607E-002
   3.3750000000000075       -4.9872869555502686E-002
   3.4500000000000077       -4.6418710384805051E-002
   3.5250000000000075       -4.2907859365544324E-002
   3.6000000000000072       -3.9368028434729745E-002
   3.6750000000000074       -3.5823907858526578E-002
   3.7500000000000071       -3.2297403494661377E-002
   3.8250000000000073       -2.8807858261665115E-002
   3.9000000000000070       -2.5372258763387948E-002
   3.9750000000000072       -2.2005427964178523E-002
   4.0500000000000069       -1.8720204759898211E-002
   4.1250000000000062       -1.5527611242385313E-002
   4.2000000000000064       -1.2437008409965675E-002
   4.2750000000000066       -9.4562410339911092E-003
   4.3500000000000068       -6.5917723510534564E-003
   4.4250000000000060       -3.8488092123545102E-003
   4.5000000000000062       -1.2314182855958553E-003
   4.5750000000000064        1.2573661294137169E-003
   4.6500000000000066        3.6154421425573621E-003
   4.7250000000000059        5.8415476743073624E-003
   4.8000000000000060        7.9351747463204635E-003
   4.8750000000000062        9.8964902196634393E-003
   4.9500000000000055        1.1726262564441823E-002
   5.0250000000000057        1.3425794269028400E-002
   5.1000000000000059        1.4996859520171640E-002
   5.1750000000000060        1.6441646807076420E-002
   5.2500000000000053        1.7762706123156335E-002
   5.3250000000000055        1.8962900458623103E-002
   5.4000000000000057        2.0045361295462902E-002
   5.4750000000000059        2.1013447833710154E-002
   5.5500000000000052        2.1870709694319132E-002
   5.6250000000000053        2.2620852859404940E-002
   5.7000000000000055        2.3267708625227087E-002
   5.7750000000000057        2.3815205357066216E-002
   5.8500000000000050        2.4267342848142040E-002
   5.9250000000000052        2.4628169096980658E-002
   6.0000000000000053        2.4901759329199923E-002
   6.0750000000000046        2.5092197100581731E-002
   6.1500000000000048        2.5203557328574603E-002
   6.2250000000000050        2.5239891109052403E-002
   6.3000000000000052        2.5205212184278396E-002
   6.3750000000000044        2.5103484936617487E-002
   6.4500000000000046        2.4938613790632377E-002
   6.5250000000000048        2.4714433913819899E-002
   6.6000000000000050        2.4434703113415682E-002
   6.6750000000000043        2.4103094833445703E-002
   6.7500000000000044        2.3723192162552979E-002
   6.8250000000000046        2.3298482769100678E-002
   6.9000000000000048        2.2832354685668611E-002
   6.9750000000000041        2.2328092870339482E-002
   7.0500000000000043        2.1788876477132284E-002
   7.1250000000000044        2.1217776772600481E-002
   7.2000000000000037        2.0617755639990489E-002
   7.2750000000000039        1.9991664616464642E-002
   7.3500000000000041        1.9342244412750575E-002
   7.4250000000000043        1.8672124868196922E-002
   7.5000000000000036        1.7983825297609918E-002
   7.5750000000000037        1.7279755189426930E-002
   7.6500000000000039        1.6562215217765630E-002
   7.7250000000000041        1.5833398533680872E-002
   7.8000000000000034        1.5095392303578141E-002
   7.8750000000000036        1.4350179465180869E-002
   7.9500000000000037        1.3599640673741028E-002
   8.0250000000000039        1.2845556413324705E-002
   8.1000000000000050        1.2089609250008232E-002
   8.1750000000000043        1.1333386205691954E-002
   8.2500000000000036        1.0578381232986638E-002
   8.3250000000000046        9.8259977732592981E-003
   8.4000000000000039        9.0775513814470889E-003
   8.4750000000000032        8.3342724026666364E-003
   8.5500000000000043        7.5973086869690898E-003
   8.6250000000000036        6.8677283298217576E-003
   8.7000000000000046        6.1465224270430040E-003
   8.7750000000000039        5.4346078339832992E-003
   8.8500000000000032        4.7328299197343035E-003
   8.9250000000000043        4.0419653080684369E-003
   9.0000000000000036        3.3627245976637992E-003
   9.0750000000000028        2.6957550549601677E-003
   9.1500000000000039        2.0416432737248840E-003
   9.2250000000000032        1.4009177960847511E-003
   9.3000000000000043        7.7405169040684703E-004
   9.3750000000000036        1.6146508199036053E-004
   9.4500000000000028       -4.3647236693539475E-004
   9.5250000000000039       -1.0194390309189189E-003
   9.6000000000000032       -1.5871589512604486E-003
   9.6750000000000025       -2.1393995243959157E-003
   9.7500000000000036       -2.6759692504529503E-003
   9.8250000000000028       -3.1967155433916261E-003
   9.9000000000000021       -3.7015226038228178E-003
   9.9750000000000032       -4.1903093553047333E-003
   10.050000000000002       -4.6630274446524539E-003
   10.125000000000004       -5.1196593065535537E-003
   10.200000000000003       -5.5602162925630274E-003
   10.275000000000002       -5.9847368643530328E-003
   10.350000000000003       -6.3932848509133562E-003
   10.425000000000002       -6.7859477692380071E-003
   10.500000000000002       -7.1628352078892746E-003
   10.575000000000003       -7.5240772727016257E-003
   10.650000000000002       -7.8698230937741444E-003
   10.725000000000003       -8.2002393927992079E-003
   10.800000000000002       -8.5155091096864328E-003
   10.875000000000002       -8.8158300873643382E-003
   10.950000000000003       -9.1014138135750676E-003
   11.025000000000002       -9.3724842184209779E-003
   11.100000000000001       -9.6292765263739279E-003
   11.175000000000002       -9.8720361614181538E-003
   11.250000000000002       -1.0101017703965511E-002
   11.325000000000001       -1.0316483898156665E-002
   11.400000000000002       -1.0518704708142330E-002
   11.475000000000001       -1.0707956421925921E-002
   11.550000000000002       -1.0884520801340549E-002
   11.625000000000002       -1.1048684276730118E-002
   11.700000000000001       -1.1200737184905543E-002
   11.775000000000002       -1.1340973048951731E-002
   11.850000000000001       -1.1469687898469730E-002
   11.925000000000001       -1.1587179628850058E-002
   12.000000000000002       -1.1693747398187715E-002
   12.075000000000001       -1.1789691060466316E-002
   12.150000000000000       -1.1875310633658381E-002
   12.225000000000001       -1.1950905801409719E-002
   12.300000000000001       -1.2016775446999117E-002
   12.375000000000002       -1.2073217218288993E-002
   12.450000000000001       -1.2120527122408461E-002
   12.525000000000000       -1.2158999148937321E-002
   12.600000000000001       -1.2188924920387204E-002
   12.675000000000001       -1.2210593368804925E-002
   12.750000000000000       -1.2224290437352275E-002
   12.825000000000001       -1.2230298805746281E-002
   12.900000000000000       -1.2228897638474064E-002
   12.975000000000001       -1.2220362354726955E-002
   13.050000000000001       -1.2204964419028734E-002
   13.125000000000000       -1.2182971151563761E-002
   13.200000000000001       -1.2154645557241089E-002
   13.275000000000000       -1.2120246172561152E-002
   13.350000000000000       -1.2080026929381767E-002
   13.425000000000001       -1.2034237034710236E-002
   13.500000000000000       -1.1983120865678024E-002
   13.574999999999999       -1.1926917878883520E-002
   13.650000000000000       -1.1865862533317855E-002
   13.725000000000000       -1.1800184226116534E-002
   13.800000000000001       -1.1730107240408121E-002
   13.875000000000000       -1.1655850704558499E-002
   13.949999999999999       -1.1577628562136023E-002
   14.025000000000000       -1.1495649551949653E-002
   14.100000000000000       -1.1410117197537430E-002
   14.174999999999999       -1.1321229805508376E-002
   14.250000000000000       -1.1229180472165059E-002
   14.324999999999999       -1.1134157097858392E-002
   14.399999999999999       -1.1036342408549329E-002
   14.475000000000000       -1.0935913984075080E-002
   14.549999999999999       -1.0833044292639338E-002
   14.625000000000000       -1.0727900731067698E-002
   14.699999999999999       -1.0620645670390115E-002
   14.774999999999999       -1.0511436506332501E-002
   14.850000000000000       -1.0400425714319216E-002
   14.924999999999999       -1.0287760908607026E-002
   14.999999999999998       -1.0173584905189543E-002
