   1.0000000000000000E-014 -0.75684612866955314     
   7.5000000000009948E-002 -0.54584058371103017     
  0.15000000000000988      -0.35740326640337661     
  0.22500000000000980      -0.18973752220079182     
  0.30000000000000976       -4.1168464795296150E-002
  0.37500000000000971        8.9864461528252171E-002
  0.45000000000000961       0.20481449736936783     
  0.52500000000000957       0.30503418420925171     
  0.60000000000000953       0.39178160244739002     
  0.67500000000000948       0.46622625188612987     
  0.75000000000000944       0.52945459401680151     
  0.82500000000000939       0.58247527445854652     
  0.90000000000000924       0.62622404294871570     
  0.97500000000000919       0.66156838737912160     
   1.0500000000000091       0.68931189751322319     
   1.1250000000000091       0.71019837320326507     
   1.2000000000000091       0.72491569115142840     
   1.2750000000000090       0.73409944352310630     
   1.3500000000000090       0.73833636102164013     
   1.4250000000000089       0.73816753237039234     
   1.5000000000000089       0.73409143151816669     
   1.5750000000000088       0.72656676328606118     
   1.6500000000000088       0.71601513760629898     
   1.7250000000000087       0.70282358196490125     
   1.8000000000000085       0.68734690114886909     
   1.8750000000000084       0.66990989291341219     
   1.9500000000000084       0.65080942772446759     
   2.0250000000000088       0.63031640029503300     
   2.1000000000000085       0.60867756021953101     
   2.1750000000000087       0.58611722861741133     
   2.2500000000000084       0.56283890732445141     
   2.3250000000000086       0.53902678681667693     
   2.4000000000000083       0.51484715871658193     
   2.4750000000000081       0.49044973841344841     
   2.5500000000000083       0.46596890302817512     
   2.6250000000000080       0.44152484966731054     
   2.7000000000000082       0.41722467864016333     
   2.7750000000000079       0.39316340605616285     
   2.8500000000000081       0.36942490997638622     
   2.9250000000000078       0.34608281406265501     
   3.0000000000000080       0.32320131244919414     
   3.0750000000000077       0.30083593935494474     
   3.1500000000000079       0.27903428675862274     
   3.2250000000000076       0.25783667327298054     
   3.3000000000000078       0.23727676717893284     
   3.3750000000000075       0.21738216641374172     
   3.4500000000000077       0.19817493814984841     
   3.5250000000000075       0.17967212045174355     
   3.6000000000000072       0.16188618835704263     
   3.6750000000000074       0.14482548659428215     
   3.7500000000000071       0.12849463102347849     
   3.8250000000000073       0.11289488076582514     
   3.9000000000000070        9.8024482875710847E-002
   3.9750000000000072        8.3878991301154948E-002
   4.0500000000000069        7.0451561777501989E-002
   4.1250000000000062        5.7733224203454725E-002
   4.2000000000000064        4.5713133957997400E-002
   4.2750000000000066        3.4378803531180710E-002
   4.3500000000000068        2.3716315760850790E-002
   4.4250000000000060        1.3710519890972776E-002
   4.5000000000000062        4.3452115949738426E-003
   4.5750000000000064       -4.3967019606901891E-003
   4.6500000000000066       -1.2533051001986121E-002
   4.7250000000000059       -2.0082265031863167E-002
   4.8000000000000060       -2.7063246821472792E-002
   4.8750000000000062       -3.3495257669837221E-002
   4.9500000000000055       -3.9397813144951943E-002
   5.0250000000000057       -4.4790588567612637E-002
   5.1000000000000059       -4.9693333544835620E-002
   5.1750000000000060       -5.4125794902732192E-002
   5.2500000000000053       -5.8107647409240973E-002
   5.3250000000000055       -6.1658431715350653E-002
   5.4000000000000057       -6.4797498979481158E-002
   5.4750000000000059       -6.7543961673655617E-002
   5.5500000000000052       -6.9916650102095856E-002
   5.6250000000000053       -7.1934074193020503E-002
   5.7000000000000055       -7.3614390152816803E-002
   5.7750000000000057       -7.4975371598490437E-002
   5.8500000000000050       -7.6034384809460787E-002
   5.9250000000000052       -7.6808367763452984E-002
   6.0000000000000053       -7.7313812643517027E-002
   6.0750000000000046       -7.7566751524162522E-002
   6.1500000000000048       -7.7582744964303521E-002
   6.2250000000000050       -7.7376873253231879E-002
   6.3000000000000052       -7.6963730073246930E-002
   6.3750000000000044       -7.6357418358924595E-002
   6.4500000000000046       -7.5571548148367723E-002
   6.5250000000000048       -7.4619236236203215E-002
   6.6000000000000050       -7.3513107451623705E-002
   6.6750000000000043       -7.2265297397473172E-002
   6.7500000000000044       -7.0887456498284221E-002
   6.8250000000000046       -6.9390755216342054E-002
   6.9000000000000048       -6.7785890305314539E-002
   6.9750000000000041       -6.6083091980791514E-002
   7.0500000000000043       -6.4292131896257029E-002
   7.1250000000000044       -6.2422331821609750E-002
   7.2000000000000037       -6.0482572929388585E-002
   7.2750000000000039       -5.8481305601376418E-002
   7.3500000000000041       -5.6426559675284864E-002
   7.4250000000000043       -5.4325955057786479E-002
   7.5000000000000036       -5.2186712636293611E-002
   7.5750000000000037       -5.0015665427603460E-002
   7.6500000000000039       -4.7819269906867232E-002
   7.7250000000000041       -4.5603617465314938E-002
   7.8000000000000034       -4.3374445949804136E-002
   7.8750000000000036       -4.1137151241574743E-002
   7.9500000000000037       -3.8896798835608599E-002
   8.0250000000000039       -3.6658135385723808E-002
   8.1000000000000050       -3.4425600184003577E-002
   8.1750000000000043       -3.2203336546378102E-002
   8.2500000000000036       -2.9995203079164246E-002
   8.3250000000000046       -2.7804784804136406E-002
   8.4000000000000039       -2.5635404122264071E-002
   8.4750000000000032       -2.3490131598621351E-002
   8.5500000000000043       -2.1371796553166240E-002
   8.6250000000000036       -1.9282997444107681E-002
   8.7000000000000046       -1.7226112032442682E-002
   8.7750000000000039       -1.5203307317964491E-002
   8.8500000000000032       -1.3216549238618192E-002
   8.9250000000000043       -1.1267612126532935E-002
   9.0000000000000036       -9.3580879153874058E-003
   9.0750000000000028       -7.4893950949815706E-003
   9.1500000000000039       -5.6627874100012325E-003
   9.2250000000000032       -3.8793623009740512E-003
   9.3000000000000043       -2.1400690863385588E-003
   9.3750000000000036       -4.4571688538668766E-004
   9.4500000000000028        1.2030177174034663E-003
   9.5250000000000039        2.8055832654406642E-003
   9.6000000000000032        4.3615462786802664E-003
   9.6750000000000025        5.8705843554984960E-003
   9.7500000000000036        7.3324795249138895E-003
   9.8250000000000028        8.7471118458501956E-003
   9.9000000000000021        1.0114453249746067E-002
   9.9750000000000032        1.1434561622474027E-002
   10.050000000000002        1.2707575121233357E-002
   10.125000000000004        1.3933706721823003E-002
   10.200000000000003        1.5113238991477549E-002
   10.275000000000002        1.6246519082263430E-002
   10.350000000000003        1.7333953939874077E-002
   10.425000000000002        1.8376005722536289E-002
   10.500000000000002        1.9373187424638422E-002
   10.575000000000003        2.0326058699612903E-002
   10.650000000000002        2.1235221876551504E-002
   10.725000000000003        2.2101318164996216E-002
   10.800000000000002        2.2925024042331339E-002
   10.875000000000002        2.3707047818203535E-002
   10.950000000000003        2.4448126370410446E-002
   11.025000000000002        2.5149022046727615E-002
   11.100000000000001        2.5810519727184827E-002
   11.175000000000002        2.6433424041354025E-002
   11.250000000000002        2.7018556735273539E-002
   11.325000000000001        2.7566754182703997E-002
   11.400000000000002        2.8078865035488898E-002
   11.475000000000001        2.8555748007879009E-002
   11.550000000000002        2.8998269789770544E-002
   11.625000000000002        2.9407303083903071E-002
   11.700000000000001        2.9783724762164832E-002
   11.775000000000002        3.0128414136256981E-002
   11.850000000000001        3.0442251338076230E-002
   11.925000000000001        3.0726115805286176E-002
   12.000000000000002        3.0980884867659250E-002
   12.075000000000001        3.1207432429885620E-002
   12.150000000000000        3.1406627746660559E-002
   12.225000000000001        3.1579334285977104E-002
   12.300000000000001        3.1726408676667497E-002
   12.375000000000002        3.1848699736352890E-002
   12.450000000000001        3.1947047576076304E-002
   12.525000000000000        3.2022282778009982E-002
   12.600000000000001        3.2075225642741838E-002
   12.675000000000001        3.2106685502759962E-002
   12.750000000000000        3.2117460098865895E-002
   12.825000000000001        3.2108335016358451E-002
   12.900000000000000        3.2080083177939096E-002
   12.975000000000001        3.2033464390397483E-002
   13.050000000000001        3.1969224942241324E-002
   13.125000000000000        3.1888097249538831E-002
   13.200000000000001        3.1790799547343478E-002
   13.275000000000000        3.1678035624170667E-002
   13.350000000000000        3.1550494597093352E-002
   13.425000000000001        3.1408850725118821E-002
   13.500000000000000        3.1253763258602026E-002
   13.574999999999999        3.1085876322541180E-002
   13.650000000000000        3.0905818831690395E-002
   13.725000000000000        3.0714204435509287E-002
   13.800000000000001        3.0511631491053712E-002
   13.875000000000000        3.0298683061993164E-002
   13.949999999999999        3.0075926942018563E-002
   14.025000000000000        2.9843915700982000E-002
   14.100000000000000        2.9603186752182965E-002
   14.174999999999999        2.9354262439288570E-002
   14.250000000000000        2.9097650141444352E-002
   14.324999999999999        2.8833842395199875E-002
   14.399999999999999        2.8563317031938568E-002
   14.475000000000000        2.8286537329564085E-002
   14.549999999999999        2.8003952177256278E-002
   14.625000000000000        2.7715996252168796E-002
   14.699999999999999        2.7423090206996587E-002
   14.774999999999999        2.7125640867396328E-002
   14.850000000000000        2.6824041438295296E-002
   14.924999999999999        2.6518671718174878E-002
   14.999999999999998        2.6209898320463321E-002
