   1.0000000000000000E-014  0.46949804074052692     
   7.5000000000009948E-002  0.32950452307571393     
  0.15000000000000988       0.20958980686159046     
  0.22500000000000980       0.10788163556167420     
  0.30000000000000976        2.2647250031737363E-002
  0.37500000000000971       -4.7715678601083444E-002
  0.45000000000000961      -0.10468757845108762     
  0.52500000000000957      -0.14963499861484061     
  0.60000000000000953      -0.18381815140092600     
  0.67500000000000948      -0.20839800181426762     
  0.75000000000000944      -0.22444292964147280     
  0.82500000000000939      -0.23293498813674873     
  0.90000000000000924      -0.23477578202977897     
  0.97500000000000919      -0.23079198636411966     
   1.0500000000000091      -0.22174052652394807     
   1.1250000000000091      -0.20831343871530367     
   1.2000000000000091      -0.19114242913236346     
   1.2750000000000090      -0.17080314905701113     
   1.3500000000000090      -0.14781920220833530     
   1.4250000000000089      -0.12266589977520934     
   1.5000000000000089       -9.5773777727351364E-002
   1.5750000000000088       -6.7531890205964160E-002
   1.6500000000000088       -3.8290892042029068E-002
   1.7250000000000087       -8.3659227365106073E-003
   1.8000000000000085        2.1960696439850158E-002
   1.8750000000000084        5.2436941210686573E-002
   1.9500000000000084        8.2838728513257284E-002
   2.0250000000000088       0.11296771633968675     
   2.1000000000000085       0.14264924991252920     
   2.1750000000000087       0.17173044542369412     
   2.2500000000000084       0.20007840305516708     
   2.3250000000000086       0.22757854146346654     
   2.4000000000000083       0.25413304634867062     
   2.4750000000000081       0.27965942614442585     
   2.5500000000000083       0.30408916825875537     
   2.6250000000000080       0.32736648966789406     
   2.7000000000000082       0.34944717601783720     
   2.7750000000000079       0.37029750372182413     
   2.8500000000000081       0.38989323985758872     
   2.9250000000000078       0.40821871496676609     
   3.0000000000000080       0.42526596414128931     
   3.0750000000000077       0.44103393204871477     
   3.1500000000000079       0.45552773780103123     
   3.2250000000000076       0.46875799581032251     
   3.3000000000000078       0.48074018900046223     
   3.3750000000000075       0.49149409095741309     
   3.4500000000000077       0.50104323380240889     
   3.5250000000000075       0.50941441876286464     
   3.6000000000000072       0.51663726659591469     
   3.6750000000000074       0.52274380518954422     
   3.7500000000000071       0.52776809182690243     
   3.8250000000000073       0.53174586775104504     
   3.9000000000000070       0.53471424281054059     
   3.9750000000000072       0.53671140810152551     
   4.0500000000000069       0.53777637464933525     
   4.1250000000000062       0.53794873629319084     
   4.2000000000000064       0.53726845505094034     
   4.2750000000000066       0.53577566734793647     
   4.3500000000000068       0.53351050959509405     
   4.4250000000000060       0.53051296169636875     
   4.5000000000000062       0.52682270715560642     
   4.5750000000000064       0.52247900853728146     
   4.6500000000000066       0.51752059711527687     
   4.7250000000000059       0.51198557561890357     
   4.8000000000000060       0.50591133305600677     
   4.8750000000000062       0.49933447065951653     
   4.9500000000000055       0.49229073806641621     
   5.0250000000000057       0.48481497889700237     
   5.1000000000000059       0.47694108495774018     
   5.1750000000000060       0.46870195834311779     
   5.2500000000000053       0.46012948076092058     
   5.3250000000000055       0.45125448945138918     
   5.4000000000000057       0.44210675911400710     
   5.4750000000000059       0.43271498929630731     
   5.5500000000000052       0.42310679673726581     
   5.6250000000000053       0.41330871219367238     
   5.7000000000000055       0.40334618131150624     
   5.7750000000000057       0.39324356913587671     
   5.8500000000000050       0.38302416788267124     
   5.9250000000000052       0.37271020762278467     
   6.0000000000000053       0.36232286955577825     
   6.0750000000000046       0.35188230157415346     
   6.1500000000000048       0.34140763584220973     
   6.2250000000000050       0.33091700813477970     
   6.3000000000000052       0.32042757870107219     
   6.3750000000000044       0.30995555443751471     
   6.4500000000000046       0.29951621217090196     
   6.5250000000000048       0.28912392286944799     
   6.6000000000000050       0.27879217661452832     
   6.6750000000000043       0.26853360818008581     
   6.7500000000000044       0.25836002307989497     
   6.8250000000000046       0.24828242395520786     
   6.9000000000000048       0.23831103718678076     
   6.9750000000000041       0.22845533962597031     
   7.0500000000000043       0.21872408534952670     
   7.1250000000000044       0.20912533235194769     
   7.2000000000000037       0.19966646909784519     
   7.2750000000000039       0.19035424086473168     
   7.3500000000000041       0.18119477581403043     
   7.4250000000000043       0.17219361073494463     
   7.5000000000000036       0.16335571641216456     
   7.5750000000000037       0.15468552257424226     
   7.6500000000000039       0.14618694238487948     
   7.7250000000000041       0.13786339644436230     
   7.8000000000000034       0.12971783627298278     
   7.8750000000000036       0.12175276725251936     
   7.9500000000000037       0.11397027100574694     
   8.0250000000000039       0.10637202719751564     
   8.1000000000000050        9.8959334744219460E-002
   8.1750000000000043        9.1733132421470118E-002
   8.2500000000000036        8.4694018862528253E-002
   8.3250000000000046        7.7842271942543020E-002
   8.4000000000000039        7.1177867545918289E-002
   8.4750000000000032        6.4700497716180638E-002
   8.5500000000000043        5.8409588189594706E-002
   8.6250000000000036        5.2304315315447450E-002
   8.7000000000000046        4.6383622367436310E-002
   8.7750000000000039        4.0646235251957923E-002
   8.8500000000000032        3.5090677620295357E-002
   8.9250000000000043        2.9715285392786180E-002
   9.0000000000000036        2.4518220703999265E-002
   9.0750000000000028        1.9497485278782842E-002
   9.1500000000000039        1.4650933249779209E-002
   9.2250000000000032        9.9762834276266154E-003
   9.3000000000000043        5.4711310356084899E-003
   9.3750000000000036        1.1329589209689169E-003
   9.4500000000000028       -3.0408517445147192E-003
   9.5250000000000039       -7.0530112617973248E-003
   9.6000000000000032       -1.0906311686526639E-002
   9.6750000000000025       -1.4603617582371659E-002
   9.7500000000000036       -1.8147857232260152E-002
   9.8250000000000028       -2.1542014293989328E-002
   9.9000000000000021       -2.4789119886638695E-002
   9.9750000000000032       -2.7892245094217921E-002
   10.050000000000002       -3.0854493873027435E-002
   10.125000000000004       -3.3678996349286255E-002
   10.200000000000003       -3.6368902493684512E-002
   10.275000000000002       -3.8927376159655767E-002
   10.350000000000003       -4.1357589472317297E-002
   10.425000000000002       -4.3662717555207266E-002
   10.500000000000002       -4.5845933582145566E-002
   10.575000000000003       -4.7910404141756076E-002
   10.650000000000002       -4.9859284902419830E-002
   10.725000000000003       -5.1695716565667849E-002
   10.800000000000002       -5.3422821096272936E-002
   10.875000000000002       -5.5043698217563136E-002
   10.950000000000003       -5.6561422160744543E-002
   11.025000000000002       -5.7979038657296915E-002
   11.100000000000001       -5.9299562163784972E-002
   11.175000000000002       -6.0525973308708875E-002
   11.250000000000002       -6.1661216551304063E-002
   11.325000000000001       -6.2708198042487243E-002
   11.400000000000002       -6.3669783678430583E-002
   11.475000000000001       -6.4548797337535990E-002
   11.550000000000002       -6.5348019291865289E-002
   11.625000000000002       -6.6070184784367159E-002
   11.700000000000001       -6.6717982763525169E-002
   11.775000000000002       -6.7294054767328762E-002
   11.850000000000001       -6.7800993948747015E-002
   11.925000000000001       -6.8241344235157153E-002
   12.000000000000002       -6.8617599614448355E-002
   12.075000000000001       -6.8932203540785497E-002
   12.150000000000000       -6.9187548453277931E-002
   12.225000000000001       -6.9385975401051611E-002
   12.300000000000001       -6.9529773768474232E-002
   12.375000000000002       -6.9621181094525503E-002
   12.450000000000001       -6.9662382980544613E-002
   12.525000000000000       -6.9655513080819950E-002
   12.600000000000001       -6.9602653170712556E-002
   12.675000000000001       -6.9505833287227786E-002
   12.750000000000000       -6.9367031937164661E-002
   12.825000000000001       -6.9188176368182239E-002
   12.900000000000000       -6.8971142898326829E-002
   12.975000000000001       -6.8717757299761803E-002
   13.050000000000001       -6.8429795232633608E-002
   13.125000000000000       -6.8108982725194736E-002
   13.200000000000001       -6.7756996696484412E-002
   13.275000000000000       -6.7375465518042868E-002
   13.350000000000000       -6.6965969611304049E-002
   13.425000000000001       -6.6530042077475440E-002
   13.500000000000000       -6.6069169356871196E-002
   13.574999999999999       -6.5584791914817378E-002
   13.650000000000000       -6.5078304951395979E-002
   13.725000000000000       -6.4551059132435126E-002
   13.800000000000001       -6.4004361339289884E-002
   13.875000000000000       -6.3439475435090931E-002
   13.949999999999999       -6.2857623045262420E-002
   14.025000000000000       -6.2259984350235435E-002
   14.100000000000000       -6.1647698888397516E-002
   14.174999999999999       -6.1021866367433085E-002
   14.250000000000000       -6.0383547482316849E-002
   14.324999999999999       -5.9733764738326076E-002
   14.399999999999999       -5.9073503277536327E-002
   14.475000000000000       -5.8403711707361493E-002
   14.549999999999999       -5.7725302929788905E-002
   14.625000000000000       -5.7039154970048134E-002
   14.699999999999999       -5.6346111803535694E-002
   14.774999999999999       -5.5646984179896795E-002
   14.850000000000000       -5.4942550443242075E-002
   14.924999999999999       -5.4233557347549928E-002
   14.999999999999998       -5.3520720866373848E-002
