   1.0000000000000000E-014 -0.32624958565897627     
   7.5000000000009948E-002 -0.22699619969741006     
  0.15000000000000988      -0.14311124834047884     
  0.22500000000000980       -7.2996014892504776E-002
  0.30000000000000976       -1.5181432163174155E-002
  0.37500000000000971        3.1680893480449890E-002
  0.45000000000000961        6.8827099743304573E-002
  0.52500000000000957        9.7388959877263981E-002
  0.60000000000000953       0.11840127841628229     
  0.67500000000000948       0.13280881992788579     
  0.75000000000000944       0.14147279796509935     
  0.82500000000000939       0.14517694991293620     
  0.90000000000000924       0.14463322201159123     
  0.97500000000000919       0.14048708750052183     
   1.0500000000000091       0.13332251955993643     
   1.1250000000000091       0.12366663952528620     
   1.2000000000000091       0.11199405971278248     
   1.2750000000000090        9.8730939116530747E-002
   1.3500000000000090        8.4258769217517543E-002
   1.4250000000000089        6.8917906178509930E-002
   1.5000000000000089        5.3010864784157299E-002
   1.5750000000000088        3.6805388619599463E-002
   1.6500000000000088        2.0537310161185807E-002
   1.7250000000000087        4.4132136771219089E-003
   1.8000000000000085       -1.1387086898270171E-002
   1.8750000000000084       -2.6708243647610392E-002
   1.9500000000000084       -4.1417233098910836E-002
   2.0250000000000088       -5.5401367209093465E-002
   2.1000000000000085       -6.8566447300149019E-002
   2.1750000000000087       -8.0835051901458399E-002
   2.2500000000000084       -9.2144949977444837E-002
   2.3250000000000086      -0.10244763151666170     
   2.4000000000000083      -0.11170694792812692     
   2.4750000000000081      -0.11989785513463348     
   2.5500000000000083      -0.12700525267222321     
   2.6250000000000080      -0.13302291250131482     
   2.7000000000000082      -0.13795249160932554     
   2.7750000000000079      -0.14180262283818254     
   2.8500000000000081      -0.14458807870398763     
   2.9250000000000078      -0.14632900329130683     
   3.0000000000000080      -0.14705020760210608     
   3.0750000000000077      -0.14678052402017469     
   3.1500000000000079      -0.14555221581686911     
   3.2250000000000076      -0.14340043787400339     
   3.3000000000000078      -0.14036274503552776     
   3.3750000000000075      -0.13647864472201904     
   3.4500000000000077      -0.13178919065168518     
   3.5250000000000075      -0.12633661470924759     
   3.6000000000000072      -0.12016399419034944     
   3.6750000000000074      -0.11331495182467416     
   3.7500000000000071      -0.10583338614631665     
   3.8250000000000073       -9.7763229935694640E-002
   3.9000000000000070       -8.9148234603938600E-002
   3.9750000000000072       -8.0031778528752054E-002
   4.0500000000000069       -7.0456697480668490E-002
   4.1250000000000062       -6.0465135400882865E-002
   4.2000000000000064       -5.0098413906840729E-002
   4.2750000000000066       -3.9396919009916369E-002
   4.3500000000000068       -2.8400003631189136E-002
   4.4250000000000060       -1.7145904596897226E-002
   4.5000000000000062       -5.6716728849418785E-003
   4.5750000000000064        5.9868840218302057E-003
   4.6500000000000066        1.7795248740634925E-002
   4.7250000000000059        2.9720230542754276E-002
   4.8000000000000060        4.1729992777463490E-002
   4.8750000000000062        5.3794072021341725E-002
   4.9500000000000055        6.5883389747039306E-002
   5.0250000000000057        7.7970257248016553E-002
   5.1000000000000059        9.0028374501835901E-002
   5.1750000000000060       0.10203282360406765     
   5.2500000000000053       0.11396005735755671     
   5.3250000000000055       0.12578788355751813     
   5.4000000000000057       0.13749544547149489     
   5.4750000000000059       0.14906319897447043     
   5.5500000000000052       0.16047288676320576     
   5.6250000000000053       0.17170751004003304     
   5.7000000000000055       0.18275129802473550     
   5.7750000000000057       0.19358967562364798     
   5.8500000000000050       0.20420922955759330     
   5.9250000000000052       0.21459767322461759     
   6.0000000000000053       0.22474381054957515     
   6.0750000000000046       0.23463749905035686     
   6.1500000000000048       0.24426961232983121     
   6.2250000000000050       0.25363200218329723     
   6.3000000000000052       0.26271746049334010     
   6.3750000000000044       0.27151968106734503     
   6.4500000000000046       0.28003322155748744     
   6.5250000000000048       0.28825346558870585     
   6.6000000000000050       0.29617658520689899     
   6.6750000000000043       0.30379950374731707     
   6.7500000000000044       0.31111985921176005     
   6.8250000000000046       0.31813596823271190     
   6.9000000000000048       0.32484679069285677     
   6.9750000000000041       0.33125189505950403     
   7.0500000000000043       0.33735142448523503     
   7.1250000000000044       0.34314606371852074     
   7.2000000000000037       0.34863700686113985     
   7.2750000000000039       0.35382592600284962     
   7.3500000000000041       0.35871494075795007     
   7.4250000000000043       0.36330658872305738     
   7.5000000000000036       0.36760379687054862     
   7.5750000000000037       0.37160985388772283     
   7.6500000000000039       0.37532838346770853     
   7.7250000000000041       0.37876331855451262     
   7.8000000000000034       0.38191887654131962     
   7.8750000000000036       0.38479953541818646     
   7.9500000000000037       0.38741001086262478     
   8.0250000000000039       0.38975523426417491     
   8.1000000000000050       0.39184033167196558     
   8.1750000000000043       0.39367060365236689     
   8.2500000000000036       0.39525150604218845     
   8.3250000000000046       0.39658863158142194     
   8.4000000000000039       0.39768769240826635     
   8.4750000000000032       0.39855450339807924     
   8.5500000000000043       0.39919496632697560     
   8.6250000000000036       0.39961505484001142     
   8.7000000000000046       0.39982080020324196     
   8.7750000000000039       0.39981827781843093     
   8.8500000000000032       0.39961359447876887     
   8.9250000000000043       0.39921287634366387     
   9.0000000000000036       0.39862225761045561     
   9.0750000000000028       0.39784786986077825     
   9.1500000000000039       0.39689583205925788     
   9.2250000000000032       0.39577224118225074     
   9.3000000000000043       0.39448316345442286     
   9.3750000000000036       0.39303462617111401     
   9.4500000000000028       0.39143261008463209     
   9.5250000000000039       0.38968304233286660     
   9.6000000000000032       0.38779178988889151     
   9.6750000000000025       0.38576465351055861     
   9.7500000000000036       0.38360736216942720     
   9.8250000000000028       0.38132556793875932     
   9.9000000000000021       0.37892484132071891     
   9.9750000000000032       0.37641066699333575     
   10.050000000000002       0.37378843995823430     
   10.125000000000004       0.37106346207059782     
   10.200000000000003       0.36824093893329191     
   10.275000000000002       0.36532597713756337     
   10.350000000000003       0.36232358183320967     
   10.425000000000002       0.35923865461160759     
   10.500000000000002       0.35607599168548609     
   10.575000000000003       0.35284028234981940     
   10.650000000000002       0.34953610770871946     
   10.725000000000003       0.34616793965369597     
   10.800000000000002       0.34274014007914499     
   10.875000000000002       0.33925696032142116     
   10.950000000000003       0.33572254080832453     
   11.025000000000002       0.33214091090631520     
   11.100000000000001       0.32851598895323858     
   11.175000000000002       0.32485158246481194     
   11.250000000000002       0.32115138850357300     
   11.325000000000001       0.31741899419944547     
   11.400000000000002       0.31365787741151069     
   11.475000000000001       0.30987140752100889     
   11.550000000000002       0.30606284634600900     
   11.625000000000002       0.30223534916860034     
   11.700000000000001       0.29839196586585887     
   11.775000000000002       0.29453564213622757     
   11.850000000000001       0.29066922081333602     
   11.925000000000001       0.28679544325964546     
   12.000000000000002       0.28291695083267315     
   12.075000000000001       0.27903628641688921     
   12.150000000000000       0.27515589601472179     
   12.225000000000001       0.27127813039043025     
   12.300000000000001       0.26740524676092536     
   12.375000000000002       0.26353941052791563     
   12.450000000000001       0.25968269704606106     
   12.525000000000000       0.25583709342209587     
   12.600000000000001       0.25200450034015803     
   12.675000000000001       0.24818673390883086     
   12.750000000000000       0.24438552752565290     
   12.825000000000001       0.24060253375510318     
   12.900000000000000       0.23683932621630141     
   12.975000000000001       0.23309740147689251     
   13.050000000000001       0.22937818094980145     
   13.125000000000000       0.22568301278975361     
   13.200000000000001       0.22201317378665955     
   13.275000000000000       0.21836987125315127     
   13.350000000000000       0.21475424490374448     
   13.425000000000001       0.21116736872327710     
   13.500000000000000       0.20761025282244164     
   13.574999999999999       0.20408384527838938     
   13.650000000000000       0.20058903395854449     
   13.725000000000000       0.19712664832590224     
   13.800000000000001       0.19369746122423456     
   13.875000000000000       0.19030219064175624     
   13.949999999999999       0.18694150145192806     
   14.025000000000000       0.18361600713020235     
   14.100000000000000       0.18032627144562147     
   14.174999999999999       0.17707281012629586     
   14.250000000000000       0.17385609249788705     
   14.324999999999999       0.17067654309432137     
   14.399999999999999       0.16753454324005068     
   14.475000000000000       0.16443043260326645     
   14.549999999999999       0.16136451071955352     
   14.625000000000000       0.15833703848555039     
   14.699999999999999       0.15534823962225577     
   14.774999999999999       0.15239830210768876     
   14.850000000000000       0.14948737957867933     
   14.924999999999999       0.14661559270162317     
   14.999999999999998       0.14378303051209454     
