           0           1           1  -32.737169035890552     
           0           1           2 -0.50445622353536668     
           0           1           3  0.14241151020002032     
           0           1           4  0.54789887096477785     
           0           1           5   1.1977551488308336     
           0           1           6   2.0973784887598739     
           0           1           7   3.2665566987674981     
           0           1           8   4.7348714677530568     
           0           1           9   6.5421094705285450     
           0           1          10   8.7401110892279643     
           1           1           1 -0.18446000285211833     
           1           1           2  0.20135025142310761     
           1           1           3  0.62432799592182864     
           1           1           4   1.2676726005252785     
           1           1           5   2.1479678317305555     
           1           1           6   3.2943549506322167     
           1           1           7   4.7255552601201671     
           1           1           8   6.4746747277016690     
           1           1           9   8.5991779716214687     
           1           3           1  -3.0893434793615104     
           1           3           2  0.19361976721674626     
           1           3           3  0.59099352217225720     
           1           3           4   1.2085024278057541     
           1           3           5   2.0644181797475469     
           1           3           6   3.1834645037755713     
           1           3           7   4.5901078013907535     
           1           3           8   6.3189402570541509     
           1           3           9   8.4193105647903455     
           2           3           1  0.31187055219792831     
           2           3           2  0.80023389843809001     
           2           3           3   1.4875741103148121     
           2           3           4   2.3715656011148698     
           2           3           5   3.4412349398144908     
           2           3           6   4.6277756213415904     
           2           3           7   5.9381007191641473     
           2           3           8   7.6024469942884876     
           2           3           9   9.7446578797958310     
           2           5           1  0.28348578870579455     
           2           5           2  0.78869381362838042     
           2           5           3   1.2403972217104120     
           2           5           4   1.5897522309323162     
           2           5           5   2.4773222935442978     
           2           5           6   3.6925498771177563     
           2           5           7   5.1982294064557362     
           2           5           8   7.0182760422776793     
           2           5           9   9.2301597289739625     
           3           5           1  0.42344699074526887     
           3           5           2   1.0568476889786271     
           3           5           3   1.8405574108590010     
           3           5           4   2.8587676951717591     
           3           5           5   4.1589784044014388     
           3           5           6   5.7347224935408470     
           3           5           7   7.6181931383768609     
           3           5           8   9.8715841621196407     
           3           7           1  0.39029934654849419     
           3           7           2   1.0577052659565556     
           3           7           3   1.8210401798801026     
           3           7           4   2.8383602018757910     
           3           7           5   4.1550361732997487     
           3           7           6   5.7229163072228388     
           3           7           7   7.5783367351242816     
           3           7           8   9.7933274170623932     
           4           7           1  0.58531093962560909     
           4           7           2   1.3365742427223395     
           4           7           3   2.2060447512316101     
           4           7           4   3.3689486412423215     
           4           7           5   4.8106657722024693     
           4           7           6   6.5069544751341413     
           4           7           7   8.5500964239460249     
           4           9           1  0.58857842496503898     
           4           9           2   1.3414996219092534     
           4           9           3   2.2211431982290977     
           4           9           4   3.3745476670209680     
           4           9           5   4.8148029399978078     
           4           9           6   6.5295093456641595     
           4           9           7   8.5810175702909302     
           5           9           1  0.77983267387175370     
           5           9           2   1.6531344992642016     
           5           9           3   2.6316666829140387     
           5           9           4   3.9299282842590189     
           5           9           5   5.5141858042235112     
           5           9           6   7.3814466643843968     
           5           9           7   9.6241818383348949     
           5          11           1  0.91518305357718166     
           5          11           2   1.6553166338992931     
           5          11           3   2.7290180299335116     
           5          11           4   3.9703625407720979     
           5          11           5   5.4985293802398472     
           5          11           6   7.3823699364453050     
           5          11           7   9.6417272394463751     
           6          11           1   1.2040421497949936     
           6          11           2   2.0379004955428011     
           6          11           3   3.2608036573392538     
           6          11           4   4.5721624543718820     
           6          11           5   6.2768892311136364     
           6          11           6   8.3794634468441789     
           6          13           1   1.1598319747701480     
           6          13           2   2.0108886726788224     
           6          13           3   3.1813036724287445     
           6          13           4   4.5687343858245422     
           6          13           5   6.2660676693722914     
           6          13           6   8.3167064833067510     
           7          13           1   1.3668052750531265     
           7          13           2   2.3647192454686499     
           7          13           3   3.6777269474809930     
           7          13           4   5.1501271195499116     
           7          13           5   6.9956335828480611     
           7          13           6   9.2290714119395361     
           7          15           1  0.99228451207085155     
           7          15           2   2.2884958718945518     
           7          15           3   3.4582432377375336     
           7          15           4   5.1441549655774761     
           7          15           5   7.0543888353359661     
           7          15           6   9.2377261957572507     
           8          15           1   1.5395961213794065     
           8          15           2   2.5824459198413487     
           8          15           3   4.0662467702418557     
           8          15           4   5.8322999746499296     
           8          15           5   7.7249532735466868     
           8          17           1   1.3913642910537127     
           8          17           2   2.5557361187648677     
           8          17           3   4.0036277389386310     
           8          17           4   5.8536558548580038     
           8          17           5   7.7358149002162371     
