           0           1          10
           1           1           9
           1           3           9
           2           3           9
           2           5           9
           3           5           8
           3           7           8
           4           7           7
           4           9           7
           5           9           7
           5          11           7
           6          11           6
           6          13           6
           7          13           6
           7          15           6
           8          15           5
           8          17           5
