           1   4.7407180540804748E-002  0.12167789536726376     
           2  0.24992391675315950       0.28355688273493934     
           3  0.61483345439276882       0.44643242667877514     
           4   1.1431958256660999       0.61053213007581086     
           5   1.8364545546225723       0.77630347862220594     
           6   2.6965218745572157       0.94423328864172185     
           7   3.7258145077795084        1.1148447016752108     
           8   4.9272937658498819        1.2887054328326748     
           9   6.3045155909650745        1.4664391376242183     
          10   7.8616932933702612        1.6487394978543262     
          11   9.6037759854792633        1.8363876778704189     
          12   11.536546597956141        2.0302742516771812     
          13   13.666744693064237        2.2314271824432228     
          14   16.002221188981064        2.4410481130911239     
          15   18.552134840143150        2.6605602433750897     
          16   21.327204321783128        2.8916726413773799     
          17   24.340035764532693        3.1364683338243839     
          18   27.605554796780961        3.3975275957906437     
          19   31.141586701111237        3.6781047295606646     
          20   34.969652008249071        3.9823886239009587     
          21   39.116084949067890        4.3158992448994589     
          22   43.613652908484831        4.6861140091260287     
          23   48.503986163804200        5.1035026514834181     
          24   53.841385406507506        5.5833329816875485     
          25   59.699121859235497        6.1490444086574225     
          26   66.180617794438490        6.8391305457947604     
          27   73.441238595559881        7.7229478770062032     
          28   81.736810506727679        8.9437424683708322     
          29   91.556466522536837        10.871872938377935     
          30   104.15752443105890        15.026111628123255     
