   0.0000000000000000        51.839999918177689        0.0000000000000000     
  0.14999999999999999        51.824447919487291        0.0000000000000000     
  0.29999999999999999        51.777791923416096        0.0000000000000000     
  0.44999999999999996        51.700031929964105        0.0000000000000000     
  0.59999999999999998        51.591167939131317        0.0000000000000000     
  0.75000000000000000        51.451199950917740        0.0000000000000000     
  0.89999999999999991        51.280127965323359        0.0000000000000000     
   1.0500000000000000        51.077951982348182        0.0000000000000000     
   1.2000000000000000        50.844672001992208        0.0000000000000000     
   1.3499999999999999        50.580288024255445        0.0000000000000000     
   1.5000000000000000        50.284800049137878        0.0000000000000000     
   1.6499999999999999        49.958208076639522        0.0000000000000000     
   1.7999999999999998        49.600512106760362        0.0000000000000000     
   1.9500000000000000        49.211712139500413        0.0000000000000000     
   2.1000000000000001        48.791808174859661        0.0000000000000000     
   2.2500000000000000        48.340800212838118        0.0000000000000000     
   2.3999999999999999        47.858688253435780        0.0000000000000000     
   2.5499999999999998        47.345472296652638        0.0000000000000000     
   2.6999999999999997        46.801152342488706        0.0000000000000000     
   2.8500000000000001        46.225728390943985        0.0000000000000000     
   3.0000000000000000        45.619200442018453        0.0000000000000000     
   3.1499999999999999        44.981568495712132        0.0000000000000000     
   3.2999999999999998        44.312832552025014        0.0000000000000000     
   3.4499999999999997        43.612992610957100        0.0000000000000000     
   3.5999999999999996        42.882048672508390        0.0000000000000000     
   3.7500000000000000        42.120000736678882        0.0000000000000000     
   3.8999999999999999        41.326848803468579        0.0000000000000000     
   4.0499999999999998        40.502592872877486        0.0000000000000000     
   4.2000000000000002        39.647232944905582        0.0000000000000000     
   4.3499999999999996        38.760769019552896        0.0000000000000000     
   4.5000000000000000        37.843201096819406        0.0000000000000000     
   4.6499999999999995        36.894529176705127        0.0000000000000000     
   4.7999999999999998        35.914753259210045        0.0000000000000000     
   4.9500000000000002        34.903873344334166        0.0000000000000000     
   5.0999999999999996        33.882354287540217        0.0000000000000000     
   5.2500000000000000        32.914287022181917        0.0000000000000000     
   5.3999999999999995        32.000001271565758        0.0000000000000000     
   5.5499999999999998        31.135136372334248        0.0000000000000000     
   5.7000000000000002        30.315790678325452        0.0000000000000000     
   5.8499999999999996        29.538462712214546        0.0000000000000000     
   6.0000000000000000        28.800001144409180        0.0000000000000000     
   6.1499999999999995        28.097562092106518        0.0000000000000000     
   6.2999999999999998        27.428572518484934        0.0000000000000000     
   6.4500000000000002        26.790698738985284        0.0000000000000000     
   6.5999999999999996        26.181819222190164        0.0000000000000000     
   6.7500000000000000        25.600001017252605        0.0000000000000000     
   6.8999999999999995        25.043479256007984        0.0000000000000000     
   7.0499999999999998        24.510639271837601        0.0000000000000000     
   7.1999999999999993        24.000000953674320        0.0000000000000000     
   7.3499999999999996        23.510205015844228        0.0000000000000000     
   7.5000000000000000        23.040000915527344        0.0000000000000000     
   7.6499999999999995        22.588236191693476        0.0000000000000000     
   7.7999999999999998        22.153847034160908        0.0000000000000000     
   7.9499999999999993        21.735849920308816        0.0000000000000000     
   8.0999999999999996        21.333334181043838        0.0000000000000000     
   8.2500000000000000        20.945455377752129        0.0000000000000000     
   8.4000000000000004        20.571429388863699        0.0000000000000000     
   8.5499999999999989        20.210527118883636        0.0000000000000000     
   8.6999999999999993        19.862069754764953        0.0000000000000000     
   8.8499999999999996        19.525424504684189        0.0000000000000000     
   9.0000000000000000        19.200000762939453        0.0000000000000000     
   9.1500000000000004        18.885246652071594        0.0000000000000000     
   9.2999999999999989        18.580645899618826        0.0000000000000000     
   9.4499999999999993        18.285715012323291        0.0000000000000000     
   9.5999999999999996        18.000000715255737        0.0000000000000000     
   9.7500000000000000        17.723077627328728        0.0000000000000000     
   9.9000000000000004        17.454546148126774        0.0000000000000000     
   10.049999999999999        17.194030533975631        0.0000000000000000     
   10.199999999999999        16.941177143770108        0.0000000000000000     
   10.350000000000000        16.695652837338656        0.0000000000000000     
   10.500000000000000        16.457143511090958        0.0000000000000000     
   10.650000000000000        16.225352757413621        0.0000000000000000     
   10.799999999999999        16.000000635782879        0.0000000000000000     
   10.949999999999999        15.780822544881744        0.0000000000000000     
   11.100000000000000        15.567568186167124        0.0000000000000000     
   11.250000000000000        15.360000610351562        0.0000000000000000     
   11.400000000000000        15.157895339162726        0.0000000000000000     
   11.549999999999999        14.961039555537237        0.0000000000000000     
   11.699999999999999        14.769231356107273        0.0000000000000000     
   11.850000000000000        14.582279060460344        0.0000000000000000     
   12.000000000000000        14.400000572204590        0.0000000000000000     
   12.150000000000000        14.222222787362558        0.0000000000000000     
   12.299999999999999        14.048781046053259        0.0000000000000000     
   12.449999999999999        13.879518623811654        0.0000000000000000     
   12.600000000000000        13.714286259242467        0.0000000000000000     
   12.750000000000000        13.552941715016084        0.0000000000000000     
   12.900000000000000        13.395349369492642        0.0000000000000000     
   13.049999999999999        13.241379836509969        0.0000000000000000     
   13.199999999999999        13.090909611095082        0.0000000000000000     
   13.350000000000000        12.943820739060305        0.0000000000000000     
   13.500000000000000        12.800000508626303        0.0000000000000000     
   13.650000000000000        12.659341162377661        0.0000000000000000     
   13.799999999999999        12.521739628003992        0.0000000000000000     
   13.949999999999999        12.387097266412551        0.0000000000000000     
   14.100000000000000        12.255319635918800        0.0000000000000000     
   14.250000000000000        12.126316271330181        0.0000000000000000     
   14.399999999999999        12.000000476837160        0.0000000000000000     
   14.549999999999999        11.876289131715126        0.0000000000000000     
   14.699999999999999        11.755102507922114        0.0000000000000000     
   14.850000000000000        11.636364098751184        0.0000000000000000     
   15.000000000000000        11.520000457763672        0.0000000000000000     
