   0.0000000000000000       -86.194561545308517       -43.298873161037498     
  0.14999999999999999       -86.193262712661706       -43.298604063886735     
  0.29999999999999999       -86.191653543693732       -43.298270663452534     
  0.44999999999999996       -86.189659904329631       -43.297857595236870     
  0.59999999999999998       -86.187189959721564       -43.297345824314128     
  0.75000000000000000       -86.184129952487226       -43.296711768895193     
  0.89999999999999991       -86.180338976488798       -43.295926214823886     
   1.0500000000000000       -86.175642508483151       -43.294952971246552     
   1.2000000000000000       -86.169824404445663       -43.293747205913263     
   1.3499999999999999       -86.162616999243923       -43.292253384028413     
   1.5000000000000000       -86.153688864968487       -43.290402716642554     
   1.6499999999999999       -86.142629681517704       -43.288110002503593     
   1.7999999999999998       -86.128931549441418       -43.285269720145926     
   1.9500000000000000       -86.111965925624659       -43.281751193691548     
   2.1000000000000001       -86.090955182916673       -43.277392615064564     
   2.2500000000000000       -86.064937581071661       -43.271993655555853     
   2.3999999999999999       -86.032724184687197       -43.265306339168305     
   2.5499999999999998       -85.992845971964712       -43.257023776964608     
   2.6999999999999997       -85.943489046772527       -43.246766273622725     
   2.8500000000000001       -85.882415501708039       -43.234064212449837     
   3.0000000000000000       -85.806867096764009       -43.218337001309202     
   3.1499999999999999       -85.713448546739770       -43.198867218019515     
   3.2999999999999998       -85.597986903937425       -43.174768929888927     
   3.4499999999999997       -85.455363369798405       -43.144948980732046     
   3.5999999999999996       -85.279314011715357       -43.108059846839375     
   3.7500000000000000       -85.062196517244402       -43.062442474759827     
   3.8999999999999999       -84.794721611029132       -43.006057353289577     
   4.0499999999999998       -84.465650553400707       -42.936401981538836     
   4.2000000000000002       -84.061464869411807       -42.850412941428281     
   4.3499999999999996       -83.566021946532601       -42.744351070030888     
   4.5000000000000000       -82.960221369854466       -42.613668909378291     
   4.6499999999999995       -82.221722846547792       -42.452860911132532     
   4.7999999999999998       -81.324778038167906       -42.255299097868757     
   4.9500000000000002       -80.240265420115918       -42.013060432871129     
   5.0999999999999996       -78.936047379228981       -41.716757511041813     
   5.2500000000000000       -77.377796749251274       -41.355391867158993     
   5.3999999999999995       -75.530455432634980       -40.916259604170669     
   5.5499999999999998       -73.360474000915218       -40.384952181512787     
   5.7000000000000002       -70.838916203551506       -39.745510209881651     
   5.8499999999999996       -67.945374155304549       -38.980802538317228     
   6.0000000000000000       -64.672418675159648       -38.073211932753750     
   6.1499999999999995       -61.030025214094749       -37.005704286061274     
   6.2999999999999998       -57.049137379325977       -35.763329781036212     
   6.4500000000000002       -52.783375067192857       -34.335140433641833     
   6.5999999999999996       -48.307997214071058       -32.716402694417773     
   6.7500000000000000       -43.715670279544298       -30.910843916500248     
   6.8999999999999995       -39.109318331265612       -28.932528308451026     
   7.0499999999999998       -34.593121768203972       -26.806867851739867     
   7.1999999999999993       -30.263282923100569       -24.570304754497926     
   7.3499999999999996       -26.200248578406480       -22.268400719897809     
   7.5000000000000000       -22.463639377831200       -19.952418020642252     
   7.6499999999999995       -19.090378622029260       -17.674878949843396     
   7.7999999999999998       -16.095743332130521       -15.484891736942242     
   7.9499999999999993       -13.476531460087729       -13.424102837813491     
   8.0999999999999996       -11.215349511519729       -11.523945235620248     
   8.2500000000000000       -9.2851234783079448       -9.8044846376045616     
   8.4000000000000004       -7.6531946311643653       -8.2747710219425947     
   8.5499999999999989       -6.2846531784589965       -6.9343163894988686     
   8.6999999999999993       -5.1448045436872434       -5.7752017292870628     
   8.8499999999999996       -4.2008232623758444       -4.7843497698492481     
   9.0000000000000000       -3.4227320524735951       -3.9456233179675708     
   9.1500000000000004       -2.7838687290589510       -3.2415561782101130     
   9.2999999999999989       -2.2609940814690934       -2.6546498367819664     
   9.4499999999999993       -1.8341679203432730       -2.1682552244039286     
   9.5999999999999996       -1.4864902656860615       -1.7671050500392536     
   9.7500000000000000       -1.2037766600881319       -1.4375779777422679     
   9.9000000000000004      -0.97421363103746828       -1.1677728442890043     
   10.049999999999999      -0.78802292980933641      -0.94745877810928569     
   10.199999999999999      -0.63715077131224118      -0.76795193876065970     
   10.350000000000000      -0.51498991274780703      -0.62195527360267433     
   10.500000000000000      -0.41613703137305935      -0.50338578495685327     
   10.650000000000000      -0.33618462154873185      -0.40720469866985781     
   10.799999999999999      -0.27154484325705031      -0.32925938662674464     
   10.949999999999999      -0.21930191184884357      -0.26614144413428253     
   11.100000000000000      -0.17708936438889364      -0.21506244752712514     
   11.250000000000000      -0.14298862860043426      -0.17374716859492159     
   11.400000000000000      -0.11544559653613937      -0.14034304355758667     
   11.549999999999999       -9.3202265689256755E-002 -0.11334421965142003     
   11.699999999999999       -7.5240893959877764E-002  -9.1528343356995140E-002
   11.850000000000000       -6.0738486526870632E-002  -7.3904282121216539E-002
   12.000000000000000       -4.9029773822615377E-002  -5.9669101170820422E-002
   12.150000000000000       -3.9577142434792871E-002  -4.8172794623679890E-002
   12.299999999999999       -3.1946243024518060E-002  -3.8889462549047286E-002
   12.449999999999999       -2.5786222886399805E-002  -3.1393813796254555E-002
   12.600000000000000       -2.0813718987038453E-002  -2.5342048139822597E-002
   12.750000000000000       -1.6799904337161425E-002  -2.0456325989273622E-002
   12.900000000000000       -1.3560010632731573E-002  -1.6512168336443190E-002
   13.049999999999999       -1.0944857280831480E-002  -1.3328244407904886E-002
   13.199999999999999       -8.8340048655029171E-003  -1.0758101282391214E-002
   13.350000000000000       -7.1302230217943309E-003  -8.6834705715588215E-003
   13.500000000000000       -5.7550213395281911E-003  -7.0088542878405536E-003
   13.650000000000000       -4.6450396571313017E-003  -5.6571472849174095E-003
   13.799999999999999       -3.7491328968792680E-003  -4.5660990204662777E-003
   13.949999999999999       -3.0260170714988175E-003  -3.6854545024847360E-003
   14.100000000000000       -2.4423686096496041E-003  -2.9746445588058642E-003
   14.250000000000000       -1.9712898156327634E-003  -2.4009202196046153E-003
   14.399999999999999       -1.5910700070666825E-003  -1.9378460366420837E-003
   14.549999999999999       -1.2841854067012319E-003  -1.5640834229783520E-003
   14.699999999999999       -1.0364918067813503E-003  -1.2624082794488953E-003
   14.850000000000000       -8.3657286906256383E-004  -1.0189178524433232E-003
   15.000000000000000       -6.7521407077072147E-004  -8.2239041113372092E-004
