   1.0000000000000000E-002   8059777397696754.0        1.0000000000000000     
  0.51000000000000001        1191373883.5315695        1.0000000000000000     
   1.0100000000000000        77456887.609398320        1.0000000000000000     
   1.5100000000000002        15504777.201095790        1.0000000000000000     
   2.0100000000000002        4938873.4264278440        1.0000000000000000     
   2.5100000000000002        2031267.2752757766        1.0000000000000000     
   3.0100000000000007        982328.70039713231        1.0000000000000000     
   3.5100000000000007        531332.31850527111        1.0000000000000000     
   4.0100000000000007        311960.86669994693        1.0000000000000000     
   4.5099999999999998        195013.81501414932        1.0000000000000000     
   5.0099999999999998        128093.06204625404        1.0000000000000000     
   5.5099999999999998        87576.202515577024        1.0000000000000000     
   6.0100000000000007        61890.164940770468        1.0000000000000000     
   6.5100000000000007        44971.112130525682        1.0000000000000000     
   7.0100000000000007        33460.667137674551        1.0000000000000000     
   7.5099999999999989        25410.138823814341        1.0000000000000000     
   8.0099999999999998        19643.002576933184        1.0000000000000000     
   8.5099999999999998        15424.172906565234        1.0000000000000000     
   9.0099999999999998        12280.447296268410        1.0000000000000000     
   9.5099999999999998        9899.0961821735273        1.0000000000000000     
   10.010000000000000        8068.5706055652508        1.0000000000000000     
   10.509999999999998        6642.7574137045813        1.0000000000000000     
   11.010000000000000        5518.8344584960032        1.0000000000000000     
   11.510000000000000        4623.2116921302304        1.0000000000000000     
   12.010000000000000        3902.4066461047437        1.0000000000000000     
   12.509999999999998        3317.0028150546527        1.0000000000000000     
   13.010000000000000        2837.5757897893964        1.0000000000000000     
   13.510000000000000        2441.9000887323527        1.0000000000000000     
   14.010000000000000        2113.0045449820482        1.0000000000000000     
   14.510000000000002        1837.7992320642948        1.0000000000000000     
   15.010000000000000        1606.0932228816343        1.0000000000000000     
   15.510000000000000        1409.8833855355683        1.0000000000000000     
   16.010000000000002        1242.8336024372479        1.0000000000000000     
   16.510000000000002        1099.8894071972375        1.0000000000000000     
   17.010000000000002        976.99001812661652        1.0000000000000000     
   17.509999999999998        870.85116751946873        1.0000000000000000     
   18.009999999999998        778.79990408514345        1.0000000000000000     
   18.510000000000002        698.64790753586999        1.0000000000000000     
   19.010000000000002        628.59359212772927        1.0000000000000000     
   19.509999999999998        567.14590950507227        1.0000000000000000     
   20.009999999999998        513.06463538338789        1.0000000000000000     
   20.509999999999998        465.31327103643400        1.0000000000000000     
   21.010000000000002        423.02166651756909        1.0000000000000000     
   21.510000000000002        385.45618598421896        1.0000000000000000     
   22.009999999999998        351.99576122577685        1.0000000000000000     
   22.510000000000002        322.11256986861292        1.0000000000000000     
   23.009999999999998        295.35636670566339        1.0000000000000000     
   23.510000000000002        271.34171648763004        1.0000000000000000     
   24.010000000000002        249.73754320793702        1.0000000000000000     
   24.509999999999998        230.25853807881850        1.0000000000000000     
   25.010000000000002        212.65806598918229        1.0000000000000000     
   25.510000000000002        196.72228556419253        1.0000000000000000     
   26.010000000000002        182.26525641129524        1.0000000000000000     
   26.509999999999998        169.12485275283447        1.0000000000000000     
   27.009999999999998        157.15933841571183        1.0000000000000000     
   27.510000000000002        146.24448633492699        1.0000000000000000     
   28.010000000000002        136.27114804193843        1.0000000000000000     
   28.510000000000002        127.14319635333594        1.0000000000000000     
   29.010000000000002        118.77577864703476        1.0000000000000000     
   29.510000000000005        111.09382947856376        1.0000000000000000     
   30.009999999999998        104.03080044127904        1.0000000000000000     
   30.509999999999998        97.527572571316071        1.0000000000000000     
   31.009999999999998        91.531522599375819        1.0000000000000000     
   31.509999999999998        85.995719237910436        1.0000000000000000     
   32.009999999999998        80.878229684863783        1.0000000000000000     
   32.509999999999998        76.141519798311549        1.0000000000000000     
   33.010000000000005        71.751934088494608        1.0000000000000000     
   33.509999999999998        67.679243894960379        1.0000000000000000     
   34.010000000000005        63.896253954776377        1.0000000000000000     
   34.509999999999998        60.378459093589200        1.0000000000000000     
   35.009999999999998        57.103744041393654        1.0000000000000000     
   35.509999999999998        54.052120435043321        1.0000000000000000     
   36.009999999999998        51.205495956855238        1.0000000000000000     
   36.509999999999998        48.547471303257943        1.0000000000000000     
   37.010000000000005        46.063161303848744        1.0000000000000000     
   37.509999999999998        43.739037039514265        1.0000000000000000     
   38.010000000000005        41.562786254874091        1.0000000000000000     
   38.509999999999998        39.523189738732704        1.0000000000000000     
   39.009999999999998        37.610011667611303        1.0000000000000000     
   39.509999999999998        35.813902180972299        1.0000000000000000     
   40.009999999999998        34.126310690072749        1.0000000000000000     
   40.509999999999998        32.539408621811901        1.0000000000000000     
   41.010000000000005        31.046020469749067        1.0000000000000000     
   41.509999999999998        29.639562171053800        1.0000000000000000     
   42.009999999999998        28.313985954191132        1.0000000000000000     
   42.510000000000005        27.063730910724878        1.0000000000000000     
   43.010000000000005        25.883678638331496        1.0000000000000000     
   43.509999999999991        24.769113383138055        1.0000000000000000     
   44.009999999999998        23.715686179670872        1.0000000000000000     
   44.509999999999998        22.719382547582882        1.0000000000000000     
   45.009999999999998        21.776493357236092        1.0000000000000000     
   45.510000000000005        20.883588522269715        1.0000000000000000     
   46.010000000000005        20.037493217436605        1.0000000000000000     
   46.509999999999998        19.235266355051309        1.0000000000000000     
   47.009999999999998        18.474181084054727        1.0000000000000000     
   47.510000000000005        17.751707102554196        1.0000000000000000     
   48.010000000000005        17.065494598252315        1.0000000000000000     
   48.509999999999991        16.413359651866163        1.0000000000000000     
   49.010000000000005        15.793270956835840        1.0000000000000000     
   49.509999999999998        15.203337724649318        1.0000000000000000     
   50.009999999999998        14.641798659245817        1.0000000000000000     
   50.509999999999998        14.107011896443645        1.0000000000000000     
   51.010000000000005        13.597445815376282        1.0000000000000000     
   51.510000000000005        13.111670638693534        1.0000000000000000     
   52.009999999999998        12.648350746946790        1.0000000000000000     
   52.510000000000005        12.206237640266270        1.0000000000000000     
   53.009999999999998        11.784163487269051        1.0000000000000000     
   53.509999999999998        11.381035207213861        1.0000000000000000     
   54.010000000000005        10.995829036831093        1.0000000000000000     
   54.509999999999998        10.627585538081174        1.0000000000000000     
   55.009999999999998        10.275405007402174        1.0000000000000000     
   55.509999999999998        9.9384432508550837        1.0000000000000000     
   56.010000000000005        9.6159076930178209        1.0000000000000000     
   56.510000000000005        9.3070537905607118        1.0000000000000000     
   57.010000000000005        9.0111817241985417        1.0000000000000000     
   57.509999999999998        8.7276333451927606        1.0000000000000000     
   58.010000000000005        8.4557893548027181        1.0000000000000000     
   58.509999999999998        8.1950666970858315        1.0000000000000000     
   59.010000000000005        7.9449161472463921        1.0000000000000000     
   59.510000000000005        7.7048200793540929        1.0000000000000000     
   60.009999999999991        7.4742903987145954        1.0000000000000000     
   60.509999999999998        7.2528666254930032        1.0000000000000000     
   61.009999999999998        7.0401141173817239        1.0000000000000000     
   61.510000000000005        6.8356224201800373        1.0000000000000000     
   62.009999999999991        6.6390037361264742        1.0000000000000000     
   62.509999999999998        6.4498915007058706        1.0000000000000000     
   63.009999999999998        6.2679390594518019        1.0000000000000000     
   63.510000000000005        6.0928184369887273        1.0000000000000000     
   64.010000000000005        5.9242191912156885        1.0000000000000000     
   64.509999999999991        5.7618473461297617        1.0000000000000000     
   65.010000000000005        5.6054243973301716        1.0000000000000000     
   65.510000000000005        5.4546863847372675        1.0000000000000000     
   66.010000000000005        5.3093830275096421        1.0000000000000000     
   66.509999999999991        5.1692769165520946        1.0000000000000000     
   67.010000000000005        5.0341427603797122        1.0000000000000000     
   67.510000000000005        4.9037666804441429        1.0000000000000000     
   68.010000000000005        4.7779455523382204        1.0000000000000000     
   68.510000000000005        4.6564863895794844        1.0000000000000000     
   69.009999999999991        4.5392057669320449        1.0000000000000000     
   69.510000000000005        4.4259292804639330        1.0000000000000000     
   70.009999999999991        4.3164910417541762        1.0000000000000000     
   70.510000000000005        4.2107332038628202        1.0000000000000000     
   71.010000000000005        4.1085055168596210        1.0000000000000000     
   71.510000000000005        4.0096649108742763        1.0000000000000000     
   72.009999999999991        3.9140751047847289        1.0000000000000000     
   72.510000000000005        3.8216062388009160        1.0000000000000000     
   73.010000000000005        3.7321345293310189        1.0000000000000000     
   73.509999999999991        3.6455419446361850        1.0000000000000000     
   74.010000000000005        3.5617158998894554        1.0000000000000000     
   74.509999999999991        3.4805489703553114        1.0000000000000000     
   75.010000000000005        3.4019386214992142        1.0000000000000000     
   75.510000000000005        3.3257869549220902        1.0000000000000000     
   76.010000000000005        3.2520004690936002        1.0000000000000000     
   76.510000000000005        3.1804898339309307        1.0000000000000000     
   77.010000000000005        3.1111696783368377        1.0000000000000000     
   77.510000000000005        3.0439583898730511        1.0000000000000000     
   78.009999999999991        2.9787779258021354        1.0000000000000000     
   78.510000000000005        2.9155536347842412        1.0000000000000000     
   79.010000000000005        2.8542140885639879        1.0000000000000000     
   79.510000000000005        2.7946909230282238        1.0000000000000000     
   80.009999999999991        2.7369186880574246        1.0000000000000000     
   80.510000000000005        2.6808347056323232        1.0000000000000000     
   81.010000000000005        2.6263789356935954        1.0000000000000000     
   81.510000000000005        2.5734938492857151        1.0000000000000000     
   82.010000000000005        2.5221243085472893        1.0000000000000000     
   82.509999999999991        2.4722174531388355        1.0000000000000000     
   83.010000000000005        2.4237225927258335        1.0000000000000000     
   83.510000000000005        2.3765911051596840        1.0000000000000000     
   84.010000000000005        2.3307763400222679        1.0000000000000000     
   84.510000000000005        2.2862335272213747        1.0000000000000000     
   85.009999999999991        2.2429196903441180        1.0000000000000000     
   85.509999999999991        2.2007935644941639        1.0000000000000000     
   86.010000000000005        2.1598155183558325        1.0000000000000000     
   86.509999999999991        2.1199474802443072        1.0000000000000000     
   87.009999999999991        2.0811528679161633        1.0000000000000000     
   87.510000000000005        2.0433965219284804        1.0000000000000000     
   88.010000000000005        2.0066446423478399        1.0000000000000000     
   88.510000000000005        1.9708647286227052        1.0000000000000000     
   89.010000000000005        1.9360255224440652        1.0000000000000000     
   89.510000000000005        1.9020969534298224        1.0000000000000000     
   90.010000000000005        1.8690500874783644        1.0000000000000000     
   90.510000000000019        1.8368570776459905        1.0000000000000000     
   91.009999999999991        1.8054911174115826        1.0000000000000000     
   91.509999999999991        1.7749263961999553        1.0000000000000000     
   92.010000000000005        1.7451380570429698        1.0000000000000000     
   92.509999999999991        1.7161021562645389        1.0000000000000000     
   93.010000000000005        1.6877956250823345        1.0000000000000000     
   93.510000000000005        1.6601962330252176        1.0000000000000000     
   94.010000000000005        1.6332825530712303        1.0000000000000000     
   94.510000000000005        1.6070339284164903        1.0000000000000000     
   95.010000000000005        1.5814304407904181        1.0000000000000000     
   95.509999999999991        1.5564528802375397        1.0000000000000000     
   96.010000000000019        1.5320827162906527        1.0000000000000000     
   96.509999999999991        1.5083020704643060        1.0000000000000000     
   97.009999999999991        1.4850936900016041        1.0000000000000000     
   97.510000000000005        1.4624409228109927        1.0000000000000000     
   98.009999999999991        1.4403276935332678        1.0000000000000000     
   98.510000000000005        1.4187384806822687        1.0000000000000000     
   99.010000000000005        1.3976582948058949        1.0000000000000000     
   99.510000000000005        1.3770726576169103        1.0000000000000000     
   100.01000000000001        1.3569675820458327        1.0000000000000000     
