   1.0000000000000000E-014  -4.3851839587611596E-005
  0.12500000000000994       -1.5185515157225042E-002
  0.25000000000000988       -3.0303697199688510E-002
  0.37500000000000983       -4.5214334009809537E-002
  0.50000000000000977       -5.9807952371821800E-002
  0.62500000000000977       -7.3996642982109104E-002
  0.75000000000000966       -8.7694967137066246E-002
  0.87500000000000955      -0.10081603437632465     
   1.0000000000000095      -0.11327318201849236     
   1.1250000000000095      -0.12498283705632000     
   1.2500000000000095      -0.13586685813246940     
   1.3750000000000093      -0.14585396542205123     
   1.5000000000000093      -0.15488040404958098     
   1.6250000000000093      -0.16289013225076035     
   1.7500000000000091      -0.16983479643221733     
   1.8750000000000091      -0.17567366843565635     
   2.0000000000000093      -0.18037363236723170     
   2.1250000000000093      -0.18390924184997906     
   2.2500000000000093      -0.18626282807326536     
   2.3750000000000093      -0.18742462083655032     
   2.5000000000000093      -0.18739284238663609     
   2.6250000000000089      -0.18617374071814521     
   2.7500000000000089      -0.18378153990476437     
   2.8750000000000089      -0.18023829633054200     
   3.0000000000000089      -0.17557365927624194     
   3.1250000000000089      -0.16982454125411001     
   3.2500000000000089      -0.16303470767070777     
   3.3750000000000089      -0.15525429722368880     
   3.5000000000000084      -0.14653928453033729     
   3.6250000000000084      -0.13695089551475287     
   3.7500000000000084      -0.12655498464483433     
   3.8750000000000084      -0.11542138167170340     
   4.0000000000000080      -0.10362321438808114     
   4.1250000000000080       -9.1236213244338518E-002
   4.2500000000000080       -7.8338003472583531E-002
   4.3750000000000080       -6.5007390608600363E-002
   4.5000000000000080       -5.1323645847981110E-002
   4.6250000000000080       -3.7365798377062651E-002
   4.7500000000000080       -2.3211942528683943E-002
   4.8750000000000080       -8.9385681902986770E-003
   5.0000000000000080        5.3800767713593628E-003
   5.1250000000000071        1.9672583283385680E-002
   5.2500000000000071        3.3870928583551924E-002
   5.3750000000000071        4.7910966715170887E-002
   5.5000000000000071        6.1732855253115206E-002
   5.6250000000000071        7.5281412813886298E-002
   5.7500000000000071        8.8506403417149132E-002
   5.8750000000000071       0.10136274541967812     
   6.0000000000000071       0.11381064445627410     
   6.1250000000000071       0.12581565151931698     
   6.2500000000000071       0.13734864891940651     
   6.3750000000000071       0.14838576833422329     
   6.5000000000000071       0.15890824642368612     
   6.6250000000000071       0.16890222453225692     
   6.7500000000000071       0.17835849979273710     
   6.8750000000000071       0.18727223548174410     
   7.0000000000000062       0.19564263875833740     
   7.1250000000000062       0.20347261395701019     
   7.2500000000000062       0.21076839942550671     
   7.3750000000000062       0.21753919552379772     
   7.5000000000000062       0.22379679086426971     
   7.6250000000000062       0.22955519320831100     
   7.7500000000000062       0.23483027067512788     
   7.8750000000000062       0.23963940809815104     
   8.0000000000000071       0.24400118251410657     
   8.1250000000000071       0.24793506091816978     
   8.2500000000000071       0.25146112259040110     
   8.3750000000000071       0.25459980751477795     
   8.5000000000000071       0.25737169168921614     
   8.6250000000000071       0.25979728947555281     
   8.7500000000000071       0.26189688257098465     
   8.8750000000000071       0.26369037470168299     
   9.0000000000000071       0.26519717074661364     
   9.1250000000000071       0.26643607869346875     
   9.2500000000000071       0.26742523260510298     
   9.3750000000000071       0.26818203462809787     
   9.5000000000000071       0.26872311399770021     
   9.6250000000000071       0.26906430097707257     
   9.7500000000000071       0.26922061370465256     
   9.8750000000000071       0.26920625600236325     
   10.000000000000007       0.26903462431041908     
   10.125000000000005       0.26871832205302504     
   10.250000000000005       0.26826917989530202     
   10.375000000000005       0.26769828051811834     
   10.500000000000005       0.26701598670777688     
   10.625000000000005       0.26623197172626362     
   10.750000000000005       0.26535525109051949     
   10.875000000000005       0.26439421504239746     
   11.000000000000005       0.26335666113194561     
   11.125000000000005       0.26224982646358674     
   11.250000000000005       0.26108041926654424     
   11.375000000000005       0.25985464954710275     
   11.500000000000005       0.25857825866109635     
   11.625000000000005       0.25725654771099804     
   11.750000000000005       0.25589440472411618     
   11.875000000000005       0.25449633060791255     
   12.000000000000005       0.25306646390677434     
   12.125000000000005       0.25160860440321675     
   12.250000000000005       0.25012623561704789     
   12.375000000000005       0.24862254626002564     
   12.500000000000005       0.24710045070247502     
   12.625000000000005       0.24556260850355285     
   12.750000000000005       0.24401144304964453     
   12.875000000000005       0.24244915933676645     
   13.000000000000005       0.24087776092380972     
   13.125000000000005       0.23929906607471818     
   13.250000000000005       0.23771472309984246     
   13.375000000000005       0.23612622490017995     
   13.500000000000005       0.23453492271328813     
   13.625000000000005       0.23294203905648825     
   13.750000000000005       0.23134867986159524     
   13.875000000000005       0.22975584579577049     
   14.000000000000004       0.22816444276503853     
   14.125000000000004       0.22657529160034590     
   14.250000000000004       0.22498913693053271     
   14.375000000000004       0.22340665525194595     
   14.500000000000004       0.22182846221038513     
   14.625000000000004       0.22025511911734283     
   14.750000000000004       0.21868713872879855     
   14.875000000000004       0.21712499032093388     
   15.000000000000004       0.21556910410278463     
   15.125000000000004       0.21401987501088227     
   15.250000000000004       0.21247766593518291     
   15.375000000000004       0.21094281042893445     
   15.500000000000004       0.20941561495750158     
   15.625000000000004       0.20789636074251919     
   15.750000000000004       0.20638530525806120     
   15.875000000000004       0.20488268343484226     
   16.000000000000004       0.20338870862682334     
   16.125000000000004       0.20190357339209603     
   16.250000000000004       0.20042745013663416     
   16.375000000000004       0.19896049166555677     
   16.500000000000004       0.19750283168205554     
   16.625000000000004       0.19605458526923836     
   16.750000000000004       0.19461584938496584     
   16.875000000000004       0.19318670339440847     
   17.000000000000004       0.19176720965971034     
   17.125000000000004       0.19035741420085980     
   17.250000000000004       0.18895734743680781     
   17.375000000000004       0.18756702501108644     
   17.500000000000004       0.18618644870178647     
   17.625000000000004       0.18481560741177958     
   17.750000000000004       0.18345447823160826     
   17.875000000000004       0.18210302756452956     
   18.000000000000004       0.18076121230080783     
   18.125000000000004       0.17942898102653704     
   18.250000000000004       0.17810627525100028     
   18.375000000000004       0.17679303063585697     
   18.500000000000004       0.17548917820923085     
   18.625000000000004       0.17419464554804212     
   18.750000000000004       0.17290935791262532     
   18.875000000000004       0.17163323931875646     
   19.000000000000004       0.17036621353362591     
   19.125000000000004       0.16910820498397242     
   19.250000000000004       0.16785913956649415     
   19.375000000000004       0.16661894535269645     
   19.500000000000004       0.16538755318248341     
   19.625000000000004       0.16416489714298396     
   19.750000000000004       0.16295091493127953     
   19.875000000000004       0.16174554810181252     
   20.000000000000004       0.16054874220127105     
   20.125000000000000       0.15936044679561512     
   20.250000000000000       0.15818061539561148     
   20.375000000000000       0.15700920528875226     
   20.500000000000000       0.15584617728671013     
   20.625000000000000       0.15469149539854327     
   20.750000000000000       0.15354512644067356     
   20.875000000000000       0.15240703959522817     
   21.000000000000000       0.15127720592866994     
   21.125000000000000       0.15015559788272509     
   21.250000000000000       0.14904218874949873     
   21.375000000000000       0.14793695214231742     
   21.500000000000000       0.14683986147332048     
   21.625000000000000       0.14575088944810921     
   21.750000000000000       0.14467000758692677     
   21.875000000000000       0.14359718578085592     
   22.000000000000000       0.14253239189045888     
   22.125000000000000       0.14147559139312813     
   22.250000000000000       0.14042674708421873     
   22.375000000000000       0.13938581883581189     
   22.500000000000000       0.13835276341572267     
   22.625000000000000       0.13732753436816023     
   22.750000000000000       0.13631008195627381     
   22.875000000000000       0.13530035316570282     
   23.000000000000000       0.13429829176720470     
   23.125000000000000       0.13330383843547874     
   23.250000000000000       0.13231693092044555     
   23.375000000000000       0.13133750426648630     
   23.500000000000000       0.13036549107451473     
   23.625000000000000       0.12940082180122339     
   23.750000000000000       0.12844342508945988     
   23.875000000000000       0.12749322812339606     
   24.000000000000000       0.12655015700200198     
   24.125000000000000       0.12561413712428288     
   24.250000000000000       0.12468509357980527     
   24.375000000000000       0.12376295153820034     
   24.500000000000000       0.12284763663159168     
   24.625000000000000       0.12193907532424010     
   24.750000000000000       0.12103719526411655     
   24.875000000000000       0.12014192561159565     
   25.000000000000000       0.11925319734100380     
