   0.0000000000000000       -5.1660617268649665      -0.31131686002001480     
  0.14999999999999999       -5.1650744512744637      -0.31176561098546840     
  0.29999999999999999       -5.1638399780076272      -0.31236563978730036     
  0.44999999999999996       -5.1622965791993822      -0.31316753171540440     
  0.59999999999999998       -5.1603672066408706      -0.31423867431898256     
  0.75000000000000000       -5.1579557421986770      -0.31566880079490073     
  0.89999999999999991       -5.1549423603018623      -0.31757734518849245     
   1.0500000000000000       -5.1511778090845368      -0.32012319129682670     
   1.2000000000000000       -5.1464763843668306      -0.32351757677313076     
   1.3499999999999999       -5.1406073387848750      -0.32804114345750901     
   1.5000000000000000       -5.1332844416538093      -0.33406641387442171     
   1.6499999999999999       -5.1241533914870594      -0.34208732954291954     
   1.7999999999999998       -5.1127767954307464      -0.35275791011225460     
   1.9500000000000000       -5.0986164884741045      -0.36694256913581985     
   2.1000000000000001       -5.0810131007583887      -0.38578110749031397     
   2.2500000000000000       -5.0591630379786334      -0.41077179541408831     
   2.3999999999999999       -5.0320934790073446      -0.44387603933345987     
   2.5499999999999998       -4.9986366957135315      -0.48764751705804960     
   2.6999999999999997       -4.9574060552066541      -0.54538665757253257     
   2.8500000000000001       -4.9067775640405884      -0.62131676544861381     
   3.0000000000000000       -4.8448828054370559      -0.72076907747719399     
   3.1499999999999999       -4.7696215379714708      -0.85034783900529698     
   3.2999999999999998       -4.6787047678499922       -1.0180195099877745     
   3.4499999999999997       -4.5697410837362566       -1.2330288157595888     
   3.5999999999999996       -4.4403792083794933       -1.5054873866837668     
   3.7500000000000000       -4.2885162438085045       -1.8454153761570602     
   3.8999999999999999       -4.1125718562603968       -2.2609690339008606     
   4.0499999999999998       -3.9118121924008702       -2.7556178555117605     
   4.2000000000000002       -3.6866844416619413       -3.3242460418435820     
   4.3499999999999996       -3.4390986194175146       -3.9486636484086310     
   4.5000000000000000       -3.1725772044135825       -4.5938541036517266     
   4.6499999999999995       -2.8921981127789138       -5.2071996629193649     
   4.7999999999999998       -2.6042906142401798       -5.7231999001155893     
   4.9500000000000002       -2.3159037060324521       -6.0748720259199667     
   5.0999999999999996       -2.0341331675514032       -6.2098019595314700     
   5.2500000000000000       -1.7654391790670927       -6.1051694390863052     
   5.3999999999999995       -1.5150895377603888       -5.7749250230241245     
   5.5499999999999998       -1.2868226064475348       -5.2654920613652338     
   5.7000000000000002       -1.0827585843725864       -4.6421755681991286     
   5.8499999999999996      -0.90352546505083975       -3.9726790311420350     
   6.0000000000000000      -0.74852794437205217       -3.3140826221983422     
   6.1499999999999995      -0.61627909663274738       -2.7063537468892873     
   6.2999999999999998      -0.50472851791475482       -2.1718960281096851     
   6.4500000000000002      -0.41154452353625021       -1.7187804370658033     
   6.5999999999999996      -0.33433145345186049       -1.3452362379114284     
   6.7500000000000000      -0.27078056937120604       -1.0438125195308239     
   6.8999999999999995      -0.21876316633190923      -0.80452575974121987     
   7.0499999999999998      -0.17637864549266669      -0.61691399966788052     
   7.1999999999999993      -0.14197049817998203      -0.47119991783000598     
   7.3499999999999996      -0.11412133062845621      -0.35883323418333923     
   7.5000000000000000       -9.1635540075415800E-002 -0.27264918302388541     
   7.6499999999999995       -7.3515794516648081E-002 -0.20681566855048936     
   7.7999999999999998       -5.8937412621958160E-002 -0.15668116709655167     
   7.9499999999999993       -4.7223176583583611E-002 -0.11858960817871800     
   8.0999999999999996       -3.7820000995640465E-002  -8.9697748134588612E-002
   8.2500000000000000       -3.0278138292402879E-002  -6.7811658580996539E-002
   8.4000000000000004       -2.4233132198412229E-002  -5.1248175549534120E-002
   8.5499999999999989       -1.9390453578985143E-002  -3.8721498135760889E-002
   8.6999999999999993       -1.5512604360045843E-002  -2.9252493656965518E-002
   8.8499999999999996       -1.2408408368319213E-002  -2.2097314961838855E-002
   9.0000000000000000       -9.9241908018302093E-003  -1.6691852034882153E-002
   9.1500000000000004       -7.9365591159174485E-003  -1.2608857869583524E-002
   9.2999999999999989       -6.3465236415882285E-003  -9.5250536114198179E-003
   9.4499999999999993       -5.0747277638110207E-003  -7.1960005664054322E-003
   9.5999999999999996       -4.0575900020364966E-003  -5.4369672038495319E-003
   9.7500000000000000       -3.2441911285891667E-003  -4.1083957121673354E-003
   9.9000000000000004       -2.5937672071351075E-003  -3.1048819478194344E-003
   10.049999999999999       -2.0736936466442656E-003  -2.3468304021606870E-003
   10.199999999999999       -1.6578660378446495E-003  -1.7741409795289150E-003
   10.350000000000000       -1.3254009132767433E-003  -1.3414362954504604E-003
   10.500000000000000       -1.0595940080467216E-003  -1.0144554599582744E-003
   10.650000000000000       -8.4708549042666892E-004  -7.6733026625111890E-004
   10.799999999999999       -6.7719136402587450E-004  -5.8052841007760129E-004
   10.949999999999999       -5.4136816856174971E-004  -4.3930066928777342E-004
   11.100000000000000       -4.3278453478276497E-004  -3.3250869539109163E-004
   11.250000000000000       -3.4597834768109923E-004  -2.5174018245452433E-004
   11.400000000000000       -2.7658246607505858E-004  -1.9064097753965329E-004
   11.549999999999999       -2.2110532373583976E-004  -1.4441094098397524E-004
   11.699999999999999       -1.7675545254012350E-004  -1.0942339814583667E-004
   11.850000000000000       -1.4130114876877034E-004  -8.2937869764373122E-005
   12.000000000000000       -1.1295825328955445E-004  -6.2883202666149122E-005
   12.150000000000000       -9.0300419112341186E-005  -4.7693835021608362E-005
   12.299999999999999       -7.2187363792268911E-005  -3.6186166474321099E-005
   12.449999999999999       -5.7707504354690507E-005  -2.7465200345207315E-005
   12.600000000000000       -4.6132093111801626E-005  -2.0854037513040973E-005
   12.750000000000000       -3.6878549555855875E-005  -1.5840621916066491E-005
   12.900000000000000       -2.9481145062336232E-005  -1.2037511191901009E-005
   13.049999999999999       -2.3567566382150822E-005  -9.1514824358446107E-006
   13.199999999999999       -1.8840179259150847E-005  -6.9605651683691825E-006
   13.350000000000000       -1.5061049734925742E-005  -5.2966838055697153E-006
   13.500000000000000       -1.2039969616950669E-005  -4.0325373354022809E-006
   13.650000000000000       -9.6248836526632907E-006  -3.0716800623573289E-006
   13.799999999999999       -7.6942367459510560E-006  -2.3410210098143650E-006
   13.949999999999999       -6.1508561354704451E-006  -1.7851510934322344E-006
   14.100000000000000       -4.9170606757941820E-006  -1.3620517634359317E-006
   14.250000000000000       -3.9307511018908467E-006  -1.0398479738688523E-006
   14.399999999999999       -3.1422845176210954E-006  -7.9435076105327654E-007
   14.549999999999999       -2.5119758111553842E-006  -6.0719695726141635E-007
   14.699999999999999       -2.0081002487623597E-006  -4.6444057571940389E-007
   14.850000000000000       -1.6052967199517251E-006  -3.5548591257261435E-007
   15.000000000000000       -1.2832912701456680E-006  -2.7227923763924384E-007
