   0.0000000000000000       -2.0401557901218532     
   6.6666666666666666E-002  -2.0418123457832018     
  0.13333333333333333       -2.0467759431625336     
  0.20000000000000001       -2.0550284112986965     
  0.26666666666666666       -2.0665395911786550     
  0.33333333333333331       -2.0812675237608107     
  0.40000000000000002       -2.0991587114613139     
  0.46666666666666667       -2.1201484515613052     
  0.53333333333333333       -2.1441612393479699     
  0.59999999999999998       -2.1711112384085465     
  0.66666666666666663       -2.2009028169203462     
  0.73333333333333328       -2.2334311429624085     
  0.80000000000000004       -2.2685828373996593     
  0.86666666666666670       -2.3062366871698639     
  0.93333333333333335       -2.3462643967902466     
   1.0000000000000000       -2.3885313866718163     
   1.0666666666666667       -2.4328976323207376     
   1.1333333333333333       -2.4792185543966596     
   1.2000000000000000       -2.5273458905736277     
   1.2666666666666666       -2.5771286193651064     
   1.3333333333333333       -2.6284138678791455     
   1.3999999999999999       -2.6810479675454162     
   1.4666666666666666       -2.7348772781520094     
   1.5333333333333332       -2.7897491731035720     
   1.6000000000000001       -2.8455129114070021     
   1.6666666666666667       -2.9020206796074577     
   1.7333333333333334       -2.9591285809801500     
   1.8000000000000000       -3.0166972802064942     
   1.8666666666666667       -3.0745929475932119     
   1.9333333333333333       -3.1326879685147246     
   2.0000000000000000       -3.1908615784890948     
   2.0666666666666664       -3.2490016195373697     
   2.1333333333333333       -3.3070039357177459     
   2.2000000000000002       -3.3647734223526538     
   2.2666666666666666       -3.4222245733303267     
   2.3333333333333335       -3.4792813247097687     
   2.3999999999999999       -3.5358784127253520     
   2.4666666666666668       -3.5919628113453719     
   2.5333333333333332       -3.6474916011151093     
   2.6000000000000001       -3.7024331812835425     
   2.6666666666666665       -3.7567674064928811     
   2.7333333333333334       -3.8104856597690100     
   2.7999999999999998       -3.8635864637646034     
   2.8666666666666667       -3.9160884891472576     
   2.9333333333333331       -3.9680172357522876     
   3.0000000000000000       -4.0194091204232096     
   3.0666666666666664       -4.0703111219996142     
   3.1333333333333333       -4.1207803691575666     
   3.2000000000000002       -4.1708836694764813     
   3.2666666666666666       -4.2206866904526139     
   3.3333333333333335       -4.2702840176179278     
   3.3999999999999999       -4.3197679017740924     
   3.4666666666666668       -4.3692375653924103     
   3.5333333333333332       -4.4187984722771718     
   3.6000000000000001       -4.4685615065989612     
   3.6666666666666665       -4.5186421302143911     
   3.7333333333333334       -4.5691520916191672     
   3.7999999999999998       -4.6202065233974450     
   3.8666666666666667       -4.6719431887849696     
   3.9333333333333331       -4.7244864640635473     
   4.0000000000000000       -4.7779604731093777     
   4.0666666666666664       -4.8324880491374547     
   4.1333333333333329       -4.8881897117695052     
   4.2000000000000002       -4.9451826628361513     
   4.2666666666666666       -5.0035790599324539     
   4.3333333333333330       -5.0634478519465818     
   4.4000000000000004       -5.1249294465842166     
   4.4666666666666668       -5.1881176247837626     
   4.5333333333333332       -5.2530979895126473     
   4.5999999999999996       -5.3199470846044656     
   4.6666666666666670       -5.3887315873893797     
   4.7333333333333334       -5.4595075829077437     
   4.7999999999999998       -5.5323199187405212     
   4.8666666666666663       -5.6072016328671124     
   4.9333333333333336       -5.6841100468120977     
   5.0000000000000000       -5.7631147091985699     
   5.0666666666666664       -5.8442111823636855     
   5.1333333333333329       -5.9273802111458966     
   5.2000000000000002       -6.0125887550106807     
   5.2666666666666666       -6.0997898023622206     
   5.3333333333333330       -6.1889222689117238     
   5.4000000000000004       -6.2799109777379281     
   5.4666666666666668       -6.3726667153752032     
   5.5333333333333332       -6.4670700566978976     
   5.5999999999999996       -6.5629476591831031     
   5.6666666666666670       -6.6602411845876679     
   5.7333333333333334       -6.7588064757576261     
   5.7999999999999998       -6.8584866275311143     
   5.8666666666666663       -6.9591124817899335     
   5.9333333333333336       -7.0605032257708844     
   6.0000000000000000       -7.1624670976215263     
   6.0666666666666664       -7.2648021970577048     
   6.1333333333333329       -7.3672973931111345     
   6.2000000000000002       -7.4697333159922756     
   6.2666666666666666       -7.5718267055572346     
   6.3333333333333330       -7.6733593444927521     
   6.4000000000000004       -7.7741347822949649     
   6.4666666666666668       -7.8739109236193450     
   6.5333333333333332       -7.9724430537695028     
   6.5999999999999996       -8.0694849895483252     
   6.6666666666666670       -8.1647902135806980     
   6.7333333333333334       -8.2581129845895234     
   6.7999999999999998       -8.3492094185703412     
   6.8666666666666663       -8.4378385387232928     
   6.9333333333333336       -8.5237632950769964     
   7.0000000000000000       -8.6067442669749532     
   7.0666666666666664       -8.6864895860475588     
   7.1333333333333329       -8.7628521082612139     
   7.2000000000000002       -8.8356196285933617     
   7.2666666666666666       -8.9045886999271939     
   7.3333333333333330       -8.9695655937761920     
   7.3999999999999995       -9.0303672682159295     
   7.4666666666666668       -9.0868223386311335     
   7.5333333333333332       -9.1387720420484868     
   7.5999999999999996       -9.1860711814975211     
   7.6666666666666670       -9.2285890334990803     
   7.7333333333333334       -9.2662101997354487     
   7.7999999999999998       -9.2988353833613431     
   7.8666666666666663       -9.3263591527074716     
   7.9333333333333336       -9.3487268485874289     
   8.0000000000000000       -9.3659030830360308     
   8.0666666666666664       -9.3778583415632504     
   8.1333333333333329       -9.3845813995304610     
   8.1999999999999993       -9.3860793582445439     
   8.2666666666666657       -9.3823775455200202     
   8.3333333333333339       -9.3735192872944211     
   8.4000000000000004       -9.3595655595354703     
   8.4666666666666668       -9.3405945315411074     
   8.5333333333333332       -9.3167010127920271     
   8.5999999999999996       -9.2879958158202989     
   8.6666666666666661       -9.2546050472075922     
   8.7333333333333325       -9.2166692081772723     
   8.8000000000000007       -9.1743420758649776     
   8.8666666666666671       -9.1277915081022485     
   8.9333333333333336       -9.0771966210937158     
   9.0000000000000000       -9.0227475507657395     
   9.0666666666666664       -8.9646445035071629     
   9.1333333333333329       -8.9030967873683320     
   9.1999999999999993       -8.8383218274688851     
   9.2666666666666657       -8.7705441692077297     
   9.3333333333333339       -8.6999944729456775     
   9.4000000000000004       -8.6269085040636782     
   9.4666666666666668       -8.5515261226016399     
   9.5333333333333332       -8.4740902769640520     
   9.5999999999999996       -8.3948460063590939     
   9.6666666666666661       -8.3140394566498443     
   9.7333333333333325       -8.2319031196573462     
   9.8000000000000007       -8.1486816937020361     
   9.8666666666666671       -8.0646331877628867     
   9.9333333333333336       -7.9799985227795176     
   10.000000000000000       -7.8950151380543323     
   10.066666666666666       -7.8099161553776524     
   10.133333333333333       -7.7249295702934777     
   10.199999999999999       -7.6402774677420169     
   10.266666666666666       -7.5561752582175492     
   10.333333333333334       -7.4728309298042772     
   10.400000000000000       -7.3904443111180420     
   10.466666666666667       -7.3092063403837821     
   10.533333333333333       -7.2292983366786858     
   10.600000000000000       -7.1508912707844425     
   10.666666666666666       -7.0741450350883897     
   10.733333333333333       -6.9992077144730809     
   10.800000000000001       -6.9261629737812864     
   10.866666666666667       -6.8551274504335442     
   10.933333333333334       -6.7862658413109109     
   11.000000000000000       -6.7196711019413655     
   11.066666666666666       -6.6554210112017849     
   11.133333333333333       -6.5935776494862841     
   11.199999999999999       -6.5341869718338739     
   11.266666666666666       -6.4772784969369974     
   11.333333333333334       -6.4228651324913297     
   11.400000000000000       -6.3709431557495746     
   11.466666666666667       -6.3214923653499397     
   11.533333333333333       -6.2744764165152915     
   11.600000000000000       -6.2298433466622924     
   11.666666666666666       -6.1875262925193830     
   11.733333333333333       -6.1474443933267580     
   11.800000000000001       -6.1095038679597007     
   11.866666666666667       -6.0735992473141014     
   11.933333333333334       -6.0396147374688045     
   12.000000000000000       -6.0073063912376536     
   12.066666666666666       -5.9766477372536979     
   12.133333333333333       -5.9475128551371075     
   12.199999999999999       -5.9197587669550886     
   12.266666666666666       -5.8932398215730428     
   12.333333333333334       -5.8678091634634253     
   12.400000000000000       -5.8433201155267138     
   12.466666666666667       -5.8196274560897496     
   12.533333333333333       -5.7965885757518496     
   12.600000000000000       -5.7740645052731603     
   12.666666666666666       -5.7519208109174862     
   12.733333333333333       -5.7300283583228788     
   12.800000000000001       -5.7082639499076340     
   12.866666666666667       -5.6865108439402459     
   12.933333333333334       -5.6646591656919387     
   13.000000000000000       -5.6426062225914784     
   13.066666666666666       -5.6202567360891154     
   13.133333333333333       -5.5975230031100054     
   13.199999999999999       -5.5743249996406252     
   13.266666666666666       -5.5505759076618286     
   13.333333333333334       -5.5262084285381219     
   13.400000000000000       -5.5011827278751841     
   13.466666666666667       -5.4754495146377717     
   13.533333333333333       -5.4489671933321198     
   13.600000000000000       -5.4217018220529480     
   13.666666666666666       -5.3936270668138011     
   13.733333333333333       -5.3647241537187034     
   13.799999999999999       -5.3349818190657752     
   13.866666666666667       -5.3043962561430522     
   13.933333333333334       -5.2729710563084238     
   14.000000000000000       -5.2407171409533895     
   14.066666666666666       -5.2076526801358858     
   14.133333333333333       -5.1738029930189100     
   14.199999999999999       -5.1392004247536125     
   14.266666666666666       -5.1038841940785131     
   14.333333333333334       -5.0679002056589022     
   14.400000000000000       -5.0313008210608654     
   14.466666666666667       -4.9941445822592243     
   14.533333333333333       -4.9564958817496523     
   14.600000000000000       -4.9184245737216044     
   14.666666666666666       -4.8800055214061482     
   14.733333333333333       -4.8412969618220130     
   14.799999999999999       -4.8023929928010531     
   14.866666666666667       -4.7633899584368740     
   14.933333333333334       -4.7243766022511373     
   15.000000000000000       -4.6854433704112362     
   15.066666666666666       -4.6466815531406471     
   15.133333333333333       -4.6081823760691041     
   15.199999999999999       -4.5700360536726814     
   15.266666666666666       -4.5323308195484451     
   15.333333333333334       -4.4951519504862887     
   15.400000000000000       -4.4585808029856437     
   15.466666666666667       -4.4226938818881099     
   15.533333333333333       -4.3875619610690748     
   15.600000000000000       -4.3532492756089693     
   15.666666666666666       -4.3198128035503940     
   15.733333333333333       -4.2873016532911965     
   15.799999999999999       -4.2557565699541513     
   15.866666666666667       -4.2252095708341457     
   15.933333333333334       -4.1956837164018843     
   16.000000000000000       -4.1671930195042091     
   16.066666666666666       -4.1397424915206553     
   16.133333333333333       -4.1133283204899005     
   16.199999999999999       -4.0879381727759760     
   16.266666666666666       -4.0635516068542668     
   16.333333333333332       -4.0401405853819305     
   16.399999999999999       -4.0175055056798090     
   16.466666666666665       -3.9957244450770064     
   16.533333333333331       -3.9747925867844995     
   16.600000000000001       -3.9546563782597337     
   16.666666666666668       -3.9352581033063307     
   16.733333333333334       -3.9165366298554112     
   16.800000000000001       -3.8984281460335031     
   16.866666666666667       -3.8808668729830904     
   16.933333333333334       -3.8637857446438790     
   17.000000000000000       -3.8471170464130768     
   17.066666666666666       -3.8307930062318034     
   17.133333333333333       -3.8147463331701847     
   17.199999999999999       -3.7989107000074136     
   17.266666666666666       -3.7832211676437981     
   17.333333333333332       -3.7676145504580978     
   17.399999999999999       -3.7520297229539854     
   17.466666666666665       -3.7364078692252241     
   17.533333333333331       -3.7206926779036982     
   17.600000000000001       -3.7048304863062027     
   17.666666666666668       -3.6887703784320465     
   17.733333333333334       -3.6724642422355496     
   17.800000000000001       -3.6558667921642529     
   17.866666666666667       -3.6389355632765765     
   17.933333333333334       -3.6216308833106332     
   18.000000000000000       -3.6039158288635136     
   18.066666666666666       -3.5857561713730890     
   18.133333333333333       -3.5671203179084139     
   18.199999999999999       -3.5479792509220101     
   18.266666666666666       -3.5283064701636340     
   18.333333333333332       -3.5080662143031844     
   18.399999999999999       -3.4872247449578921     
   18.466666666666665       -3.4657862879498031     
   18.533333333333331       -3.4437336532758374     
   18.600000000000001       -3.4210519526325744     
   18.666666666666668       -3.3977285705924403     
   18.733333333333334       -3.3737531389998150     
   18.800000000000001       -3.3491175138024425     
   18.866666666666667       -3.3238157538992548     
   18.933333333333334       -3.2978441020767804     
   19.000000000000000       -3.2712009686638854     
   19.066666666666666       -3.2438869190903565     
   19.133333333333333       -3.2159046670191027     
   19.199999999999999       -3.1872590750657337     
   19.266666666666666       -3.1579571652646230     
   19.333333333333332       -3.1280081413378644     
   19.399999999999999       -3.0974234244440799     
   19.466666666666665       -3.0662167034158836     
   19.533333333333331       -3.0344039995495304     
   19.600000000000001       -3.0020037448209806     
   19.666666666666668       -2.9690368710221788     
   19.733333333333334       -2.9355269058112334     
   19.800000000000001       -2.9015000701362590     
   19.866666666666667       -2.8669853700207706     
   19.933333333333334       -2.8320146743914609     
   20.000000000000000       -2.7966227695900021     
