   0.0000000000000000       -83.252921633677531     
   6.6666666666666666E-002  -83.247758092251289     
  0.13333333333333333       -83.232252496156377     
  0.20000000000000001       -83.206359840207270     
  0.26666666666666666       -83.170003829251826     
  0.33333333333333331       -83.123081713923696     
  0.40000000000000002       -83.065454281213832     
  0.46666666666666667       -82.996958176480220     
  0.53333333333333333       -82.917402229700286     
  0.59999999999999998       -82.826541384675352     
  0.66666666666666663       -82.724134164331232     
  0.73333333333333328       -82.609889900871238     
  0.80000000000000004       -82.483459124723666     
  0.86666666666666670       -82.344500618406741     
  0.93333333333333335       -82.192626126480334     
   1.0000000000000000       -82.027396724749806     
   1.0666666666666667       -81.848329835326439     
   1.1333333333333333       -81.654947574586302     
   1.2000000000000000       -81.446713283790004     
   1.2666666666666666       -81.223050171273101     
   1.3333333333333333       -80.983327842136319     
   1.3999999999999999       -80.726927768438472     
   1.4666666666666666       -80.453174043788394     
   1.5333333333333332       -80.161356678340994     
   1.6000000000000001       -79.850724554080770     
   1.6666666666666667       -79.520502495287431     
   1.7333333333333334       -79.169904251679853     
   1.8000000000000000       -78.798104670288112     
   1.8666666666666667       -78.404254756689539     
   1.9333333333333333       -77.987481733270613     
   2.0000000000000000       -77.546888734865618     
   2.0666666666666664       -77.081591939887588     
   2.1333333333333333       -76.590685390439546     
   2.2000000000000002       -76.073260339199820     
   2.2666666666666666       -75.528411167783105     
   2.3333333333333335       -74.955236801425954     
   2.3999999999999999       -74.352855758337327     
   2.4666666666666668       -73.720423070014007     
   2.5333333333333332       -73.057119187314044     
   2.6000000000000001       -72.362167510091638     
   2.6666666666666665       -71.634844309765583     
   2.7333333333333334       -70.874489301792295     
   2.7999999999999998       -70.080506593890732     
   2.8666666666666667       -69.252406527804411     
   2.9333333333333331       -68.389787042502206     
   3.0000000000000000       -67.492355696244189     
   3.0666666666666664       -66.559941583772058     
   3.1333333333333333       -65.592507112944887     
   3.2000000000000002       -64.590159429814477     
   3.2666666666666666       -63.553154081567641     
   3.3333333333333335       -62.481926424758434     
   3.3999999999999999       -61.377079215212099     
   3.4666666666666668       -60.239397221444811     
   3.5333333333333332       -59.069853303374821     
   3.6000000000000001       -57.869612658842030     
   3.6666666666666665       -56.640035066263692     
   3.7333333333333334       -55.382673237639651     
   3.7999999999999998       -54.099272317479084     
   3.8666666666666667       -52.791769669415359     
   3.9333333333333331       -51.462279533944816     
   4.0000000000000000       -50.113086300899774     
   4.0666666666666664       -48.746632019123169     
   4.1333333333333329       -47.365501465846386     
   4.2000000000000002       -45.972404929020776     
   4.2666666666666666       -44.570158853237842     
   4.3333333333333330       -43.161661759746835     
   4.4000000000000004       -41.749880871068449     
   4.4666666666666668       -40.337818992386161     
   4.5333333333333332       -38.928493130389143     
   4.5999999999999996       -37.524909610421133     
   4.6666666666666670       -36.130039256891202     
   4.7333333333333334       -34.746793054720598     
   4.7999999999999998       -33.377998697481111     
   4.8666666666666663       -32.026378405145614     
   4.9333333333333336       -30.694526406970237     
   5.0000000000000000       -29.384896117659999     
   5.0666666666666664       -28.099777964740511     
   5.1333333333333329       -26.841287177200151     
   5.2000000000000002       -25.611352325057727     
   5.2666666666666666       -24.411706453877198     
   5.3333333333333330       -23.243880883823824     
   5.4000000000000004       -22.109201645285609     
   5.4666666666666668       -21.008788469466570     
   5.5333333333333332       -19.943555987358490     
   5.5999999999999996       -18.914217081326520     
   5.6666666666666670       -17.921290845104380     
   5.7333333333333334       -16.965107441874149     
   5.7999999999999998       -16.045818168616993     
   5.8666666666666663       -15.163405858634684     
   5.9333333333333336       -14.317696324900085     
   6.0000000000000000       -13.508370584535278     
   6.0666666666666664       -12.734977614697209     
   6.1333333333333329       -11.996947405192197     
   6.2000000000000002       -11.293604092197564     
   6.2666666666666666       -10.624178595677906     
   6.3333333333333330       -9.9878222235318557     
   6.4000000000000004       -9.3836186831568860     
   6.4666666666666668       -8.8105953829680956     
   6.5333333333333332       -8.2677348394447421     
   6.5999999999999996       -7.7539850869065603     
   6.6666666666666670       -7.2682693228343593     
   6.7333333333333334       -6.8094947577320113     
   6.7999999999999998       -6.3765606558549752     
   6.8666666666666663       -5.9683655681581600     
   6.9333333333333336       -5.5838137715325846     
   7.0000000000000000       -5.2218209064065357     
   7.0666666666666664       -4.8813186832103632     
   7.1333333333333329       -4.5612599928039588     
   7.2000000000000002       -4.2606215517028696     
   7.2666666666666666       -3.9784072038581377     
   7.3333333333333330       -3.7136503403264003     
   7.3999999999999995       -3.4654158103839583     
   7.4666666666666668       -3.2328013727576326     
   7.5333333333333332       -3.0149387344432061     
   7.5999999999999996       -2.8109942227782496     
   7.6666666666666670       -2.6201691341813711     
   7.7333333333333334       -2.4416998003934434     
   7.7999999999999998       -2.2748574102712920     
   7.8666666666666663       -2.1189475049527919     
   7.9333333333333336       -1.9733097016737120     
   8.0000000000000000       -1.8373168178232031     
   8.0666666666666664       -1.7103739670243376     
   8.1333333333333329       -1.5919176904613155     
   8.1999999999999993       -1.4814149490484065     
   8.2666666666666657       -1.3783620577967497     
   8.3333333333333339       -1.2822835787919418     
   8.4000000000000004       -1.1927311870952615     
   8.4666666666666668       -1.1092825219557023     
   8.5333333333333332       -1.0315400339665646     
   8.5999999999999996      -0.95912983721364775     
   8.6666666666666661      -0.89170057403541836     
   8.7333333333333325      -0.82892228517901845     
   8.8000000000000007      -0.77048528649233894     
   8.8666666666666671      -0.71609927935107720     
   8.9333333333333336      -0.66549211742770542     
   9.0000000000000000      -0.61840888066863187     
   9.0666666666666664      -0.57461091364123895     
   9.1333333333333329      -0.53387490132293947     
   9.1999999999999993      -0.49599198313819481     
   9.2666666666666657      -0.46076690562509059     
   9.3333333333333339      -0.42801721375427682     
   9.4000000000000004      -0.39757248062243350     
   9.4666666666666668      -0.36927357499307745     
   9.5333333333333332      -0.34297196595325108     
   9.5999999999999996      -0.31852906378963519     
   9.6666666666666661      -0.29581559605690205     
   9.7333333333333325      -0.27471099930776632     
   9.8000000000000007      -0.25510289784473422     
   9.8666666666666671      -0.23688658101605203     
   9.9333333333333336      -0.21996446876184650     
   10.000000000000000      -0.20424566483079318     
   10.066666666666666      -0.18964551838303328     
   10.133333333333333      -0.17608521197763530     
   10.199999999999999      -0.16349137465405611     
   10.266666666666666      -0.15179571884032847     
   10.333333333333334      -0.14093469984983598     
   10.400000000000000      -0.13084919676230850     
   10.466666666666667      -0.12148421352210237     
   10.533333333333333      -0.11278859912714755     
   10.600000000000000      -0.10471478582444545     
   10.666666666666666       -9.7218544272085122E-002
   10.733333333333333       -9.0258754672804781E-002
   10.800000000000001       -8.3797185590666443E-002
   10.866666666666667       -7.7798308099358074E-002
   10.933333333333334       -7.2229111544238819E-002
   11.000000000000000       -6.7058912663160719E-002
   11.066666666666666       -6.2259201311635232E-002
   11.133333333333333       -5.7803489038667021E-002
   11.199999999999999       -5.3667167904306430E-002
   11.266666666666666       -4.9827378883590304E-002
   11.333333333333334       -4.6262889238435183E-002
   11.400000000000000       -4.2953978274716587E-002
   11.466666666666667       -3.9882330936203858E-002
   11.533333333333333       -3.7030938720129150E-002
   11.600000000000000       -3.4384007430808911E-002
   11.666666666666666       -3.1926871317776780E-002
   11.733333333333333       -2.9645913173205588E-002
   11.800000000000001       -2.7528489989958254E-002
   11.866666666666667       -2.5562863806447823E-002
   11.933333333333334       -2.3738137387736568E-002
   12.000000000000000       -2.2044189199870747E-002
   12.066666666666666       -2.0471632838177919E-002
   12.133333333333333       -1.9011751404897449E-002
   12.199999999999999       -1.7656452981863576E-002
   12.266666666666666       -1.6398226521189333E-002
   12.333333333333334       -1.5230100328422314E-002
   12.400000000000000       -1.4145603481362852E-002
   12.466666666666667       -1.3138729981065276E-002
   12.533333333333333       -1.2203905445676367E-002
   12.600000000000000       -1.1335956170800153E-002
   12.666666666666666       -1.0530080392016352E-002
   12.733333333333333       -9.7818215960991349E-003
   12.800000000000001       -9.0870437375032056E-003
   12.866666666666667       -8.4419082259638203E-003
   12.933333333333334       -7.8428525597568667E-003
   13.000000000000000       -7.2865704874296965E-003
   13.066666666666666       -6.7699935887390482E-003
   13.133333333333333       -6.2902741731723196E-003
   13.199999999999999       -5.8447694017739566E-003
   13.266666666666666       -5.4310256537472065E-003
   13.333333333333334       -5.0467664522912169E-003
   13.400000000000000       -4.6898802461568991E-003
   13.466666666666667       -4.3584063521879147E-003
   13.533333333333333       -4.0505250630549676E-003
   13.600000000000000       -3.7645474890626186E-003
   13.666666666666666       -3.4989061326739079E-003
   13.733333333333333       -3.2521461437379317E-003
   13.799999999999999       -3.0229172066508969E-003
   13.866666666666667       -2.8099660137209993E-003
   13.933333333333334       -2.6121292819277649E-003
   14.000000000000000       -2.4283272731284002E-003
   14.066666666666666       -2.2575577805951865E-003
   14.133333333333333       -2.0988905475629220E-003
   14.199999999999999       -1.9514620861935724E-003
   14.266666666666666       -1.8144708679759369E-003
   14.333333333333334       -1.6871728590169312E-003
   14.400000000000000       -1.5688773758986729E-003
   14.466666666666667       -1.4589432397382194E-003
   14.533333333333333       -1.3567752077827081E-003
   14.600000000000000       -1.2618206633128596E-003
   14.666666666666666       -1.1735665458452204E-003
   14.733333333333333       -1.0915361179251403E-003
   14.799999999999999       -1.0152872981234044E-003
   14.866666666666667       -9.4440961040347571E-004
   14.933333333333334       -8.7852174787446933E-004
   15.000000000000000       -8.1726965282016698E-004
   15.066666666666666       -7.6032456345172630E-004
   15.133333333333333       -7.0738120080949597E-004
   15.199999999999999       -6.5815608517139903E-004
   15.266666666666666       -6.1238597229009263E-004
   15.333333333333334       -5.6982640071051160E-004
   15.400000000000000       -5.3025034228146198E-004
   15.466666666666667       -4.9344694874241864E-004
   15.533333333333333       -4.5922038792164537E-004
   15.600000000000000       -4.2738876361688588E-004
   15.666666666666666       -3.9778311364990825E-004
   15.733333333333333       -3.7024648090580261E-004
   15.799999999999999       -3.4463305240979689E-004
   15.866666666666667       -3.2080736168527547E-004
   15.933333333333334       -2.9864354980438525E-004
   16.000000000000000       -2.7802468071172308E-004
   16.066666666666666       -2.5884210659175817E-004
   16.133333333333333       -2.4099487927373942E-004
   16.199999999999999       -2.2438920392840722E-004
   16.266666666666666       -2.0893793160557303E-004
   16.333333333333332       -1.9456008748119929E-004
   16.399999999999999       -1.8118032025460064E-004
   16.466666666666665       -1.6872879838102044E-004
   16.533333333333331       -1.5714058457253757E-004
   16.600000000000001       -1.4635530471605759E-004
   16.666666666666668       -1.3631684855227493E-004
   16.733333333333334       -1.2697306380192238E-004
   16.800000000000001       -1.1827547214227024E-004
   16.866666666666667       -1.1017900575808200E-004
   16.933333333333334       -1.0264176323784698E-004
   17.000000000000000       -9.5624783605453384E-005
   17.066666666666666       -8.9091837281065679E-005
   17.133333333333333       -8.3009232764158118E-005
   17.199999999999999       -7.7345637836424979E-005
   17.266666666666666       -7.2071914100423781E-005
   17.333333333333332       -6.7160963706232316E-005
   17.399999999999999       -6.2587587175177555E-005
   17.466666666666665       -5.8328351305978002E-005
   17.533333333333331       -5.4361466241274196E-005
   17.600000000000001       -5.0666670876480798E-005
   17.666666666666668       -4.7225125902175610E-005
   17.733333333333334       -4.4019313879411238E-005
   17.800000000000001       -4.1032945848416553E-005
   17.866666666666667       -3.8250874059998148E-005
   17.933333333333334       -3.5659010491873929E-005
   18.000000000000000       -3.3244250867022545E-005
   18.066666666666666       -3.0994403927507214E-005
   18.133333333333333       -2.8898125736277384E-005
   18.199999999999999       -2.6944858783643653E-005
   18.266666666666666       -2.5124775667903103E-005
   18.333333333333332       -2.3428717654868017E-005
   18.399999999999999       -2.1848155886892362E-005
   18.466666666666665       -2.0375176245735244E-005
   18.533333333333331       -1.9002390872308741E-005
   18.600000000000001       -1.7722919846797721E-005
   18.666666666666668       -1.6530356611218588E-005
   18.733333333333334       -1.5418735982579372E-005
   18.800000000000001       -1.4382504477706869E-005
   18.866666666666667       -1.3416492693543968E-005
   18.933333333333334       -1.2515889514876790E-005
   19.000000000000000       -1.1676217953205056E-005
   19.066666666666666       -1.0893312453804180E-005
   19.133333333333333       -1.0163297540981464E-005
   19.199999999999999       -9.4825677022812450E-006
   19.266666666666666       -8.8477684394293811E-006
   19.333333333333332       -8.2557784359919370E-006
   19.399999999999999       -7.7036928083576146E-006
   19.466666666666665       -7.1888074175059444E-006
   19.533333333333331       -6.7086042242916077E-006
   19.600000000000001       -6.2607376712558243E-006
   19.666666666666668       -5.8430220701591190E-006
   19.733333333333334       -5.4534199676111549E-006
   19.800000000000001       -5.0900314525449875E-006
   19.866666666666667       -4.7510843600004965E-006
   19.933333333333334       -4.4349253168067095E-006
   20.000000000000000       -4.1400115671470088E-006
