   0.0000000000000000       -4.3828511865228554     
   6.6666666666666666E-002  -4.3836928344576496     
  0.13333333333333333       -4.3862190200238311     
  0.20000000000000001       -4.3904334560664475     
  0.26666666666666666       -4.3963422889705663     
  0.33333333333333331       -4.4039540373782060     
  0.40000000000000002       -4.4132795035428281     
  0.46666666666666667       -4.4243316665885892     
  0.53333333333333333       -4.4371255461263628     
  0.59999999999999998       -4.4516780338938311     
  0.66666666666666663       -4.4680077517042314     
  0.73333333333333328       -4.4861348137867960     
  0.80000000000000004       -4.5060805824697452     
  0.86666666666666670       -4.5278675510349098     
  0.93333333333333335       -4.5515189835608449     
   1.0000000000000000       -4.5770586192260696     
   1.0666666666666667       -4.6045104041465974     
   1.1333333333333333       -4.6338984643334538     
   1.2000000000000000       -4.6652464308638733     
   1.2666666666666666       -4.6985772070802803     
   1.3333333333333333       -4.7339123814685360     
   1.3999999999999999       -4.7712730398542469     
   1.4666666666666666       -4.8106781739608362     
   1.5333333333333332       -4.8521447416842456     
   1.6000000000000001       -4.8956868731396241     
   1.6666666666666667       -4.9413163479775193     
   1.7333333333333334       -4.9890428448431878     
   1.8000000000000000       -5.0388719933668140     
   1.8666666666666667       -5.0908057249363754     
   1.9333333333333333       -5.1448414972563645     
   2.0000000000000000       -5.2009713902607055     
   2.0666666666666664       -5.2591867803168038     
   2.1333333333333333       -5.3194720517554028     
   2.2000000000000002       -5.3818064593722621     
   2.2666666666666666       -5.4461639018499985     
   2.3333333333333335       -5.5125106250248104     
   2.3999999999999999       -5.5808081114576744     
   2.4666666666666668       -5.6510164689048592     
   2.5333333333333332       -5.7230863957259563     
   2.6000000000000001       -5.7969623384323086     
   2.6666666666666665       -5.8725823990713479     
   2.7333333333333334       -5.9498783096333652     
   2.7999999999999998       -6.0287653689304479     
   2.8666666666666667       -6.1091725656319777     
   2.9333333333333331       -6.1910124248697000     
   3.0000000000000000       -6.2741910616761514     
   3.0666666666666664       -6.3586082341998154     
   3.1333333333333333       -6.4441574646547437     
   3.2000000000000002       -6.5307262156742567     
   3.2666666666666666       -6.6181793909699413     
   3.3333333333333335       -6.7064093850376718     
   3.3999999999999999       -6.7952866263112055     
   3.4666666666666668       -6.8846761352287569     
   3.5333333333333332       -6.9744378761558075     
   3.6000000000000001       -7.0644270572074639     
   3.6666666666666665       -7.1544944838125311     
   3.7333333333333334       -7.2444783542225348     
   3.7999999999999998       -7.3342139475021471     
   3.8666666666666667       -7.4235574436547012     
   3.9333333333333331       -7.5123457657407542     
   4.0000000000000000       -7.6004134096803426     
   4.0666666666666664       -7.6875928861294840     
   4.1333333333333329       -7.7737152016537614     
   4.2000000000000002       -7.8586103721029685     
   4.2666666666666666       -7.9421073488517564     
   4.3333333333333330       -8.0240040462849898     
   4.4000000000000004       -8.1041627302214199     
   4.4666666666666668       -8.1824144366586040     
   4.5333333333333332       -8.2585917704962846     
   4.5999999999999996       -8.3325293965457767     
   4.6666666666666670       -8.4040645421523017     
   4.7333333333333334       -8.4730375130204578     
   4.7999999999999998       -8.5392922184058655     
   4.8666666666666663       -8.6026766982559728     
   4.9333333333333336       -8.6630075480270108     
   5.0000000000000000       -8.7201776913659828     
   5.0666666666666664       -8.7740510772344038     
   5.1333333333333329       -8.8244970372462372     
   5.2000000000000002       -8.8713914897186683     
   5.2666666666666666       -8.9146173935644324     
   5.3333333333333330       -8.9540651886417457     
   5.4000000000000004       -8.9896332163179373     
   5.4666666666666668       -9.0212281122815607     
   5.5333333333333332       -9.0487590717642501     
   5.5999999999999996       -9.0721292338961312     
   5.6666666666666670       -9.0912989833421030     
   5.7333333333333334       -9.1062110011019772     
   5.7999999999999998       -9.1168176004055859     
   5.8666666666666663       -9.1230808682659781     
   5.9333333333333336       -9.1249727762211741     
   6.0000000000000000       -9.1224752653050452     
   6.0666666666666664       -9.1155803089257699     
   6.1333333333333329       -9.1042899557663883     
   6.2000000000000002       -9.0886163532236210     
   6.2666666666666666       -9.0685696976114070     
   6.3333333333333330       -9.0441853809323547     
   6.4000000000000004       -9.0155145054741901     
   6.4666666666666668       -8.9826092360160477     
   6.5333333333333332       -8.9455315893392999     
   6.5999999999999996       -8.9043532886755230     
   6.6666666666666670       -8.8591555774403865     
   6.7333333333333334       -8.8100289890627455     
   6.7999999999999998       -8.7570730707445410     
   6.8666666666666663       -8.7003960604012196     
   6.9333333333333336       -8.6401145176830063     
   7.0000000000000000       -8.5763523818033356     
   7.0666666666666664       -8.5092368098629549     
   7.1333333333333329       -8.4389119520406339     
   7.2000000000000002       -8.3655231227146327     
   7.2666666666666666       -8.2892215626312744     
   7.3333333333333330       -8.2101638913321278     
   7.3999999999999995       -8.1285115516630242     
   7.4666666666666668       -8.0444302516073467     
   7.5333333333333332       -7.9580894076040947     
   7.5999999999999996       -7.8696615923448627     
   7.6666666666666670       -7.7793219889132352     
   7.7333333333333334       -7.6872478521309748     
   7.7999999999999998       -7.5936179771766099     
   7.8666666666666663       -7.4986119121872870     
   7.9333333333333336       -7.4024100856013266     
   8.0000000000000000       -7.3051929262780968     
   8.0666666666666664       -7.2071401970600686     
   8.1333333333333329       -7.1084306297556861     
   8.1999999999999993       -7.0092414234646041     
   8.2666666666666657       -6.9097477468810808     
   8.3333333333333339       -6.8101222452349512     
   8.4000000000000004       -6.7105345528749298     
   8.4666666666666668       -6.6111508127775993     
   8.5333333333333332       -6.5121332044685127     
   8.5999999999999996       -6.4136394819758875     
   8.6666666666666661       -6.3158225235192127     
   8.7333333333333325       -6.2188273368419447     
   8.8000000000000007       -6.1227847542496452     
   8.8666666666666671       -6.0278438800937160     
   8.9333333333333336       -5.9341337568123187     
   9.0000000000000000       -5.8417765369586476     
   9.0666666666666664       -5.7508871416334078     
   9.1333333333333329       -5.6615729448170695     
   9.1999999999999993       -5.5739334863093752     
   9.2666666666666657       -5.4880602162499716     
   9.3333333333333339       -5.4040362744582566     
   9.4000000000000004       -5.3219363080556121     
   9.4666666666666668       -5.2418263309790376     
   9.5333333333333332       -5.1637636290159188     
   9.5999999999999996       -5.0877967138411773     
   9.6666666666666661       -5.0139653291821222     
   9.7333333333333325       -4.9422779683131157     
   9.8000000000000007       -4.8727557967021502     
   9.8666666666666671       -4.8054361326596320     
   9.9333333333333336       -4.7403244560623436     
   10.000000000000000       -4.6774183385625516     
   10.066666666666666       -4.6167077748032979     
   10.133333333333333       -4.5581755577627936     
   10.199999999999999       -4.5017976909006787     
   10.266666666666666       -4.4475438283552853     
   10.333333333333334       -4.3953777333416628     
   10.400000000000000       -4.3452577442309295     
   10.466666666666667       -4.2971372376331525     
   10.533333333333333       -4.2509650782044446     
   10.600000000000000       -4.2066860458606099     
   10.666666666666666       -4.1642412325705394     
   10.733333333333333       -4.1235684028491724     
   10.800000000000001       -4.0845748908885096     
   10.866666666666667       -4.0471897272480541     
   10.933333333333334       -4.0113722143809634     
   11.000000000000000       -3.9770491579854212     
   11.066666666666666       -3.9441452490511772     
   11.133333333333333       -3.9125832153484374     
   11.199999999999999       -3.8822839617289695     
   11.266666666666666       -3.8531667098326077     
   11.333333333333334       -3.8251491480761963     
   11.400000000000000       -3.7981476024365413     
   11.466666666666667       -3.7720772375283476     
   11.533333333333333       -3.7468522958621113     
   11.600000000000000       -3.7223863810235698     
   11.666666666666666       -3.6985927879604912     
   11.733333333333333       -3.6753848807423024     
   11.800000000000001       -3.6526765152455383     
   11.866666666666667       -3.6303825013980893     
   11.933333333333334       -3.6084190970711632     
   12.000000000000000       -3.5866791967617395     
   12.066666666666666       -3.5651059112326031     
   12.133333333333333       -3.5436254722019060     
   12.199999999999999       -3.5221648997695008     
   12.266666666666666       -3.5006552110278784     
   12.333333333333334       -3.4790318613533824     
   12.400000000000000       -3.4572351379823534     
   12.466666666666667       -3.4352104983024727     
   12.533333333333333       -3.4129088474390010     
   12.600000000000000       -3.3902867519385631     
   12.666666666666666       -3.3673065885181042     
   12.733333333333333       -3.3439366288455075     
   12.800000000000001       -3.3201510630660582     
   12.866666666666667       -3.2959299662287860     
   12.933333333333334       -3.2712592128665587     
   13.000000000000000       -3.2461303457348909     
   13.066666666666666       -3.2205404051256155     
   13.133333333333333       -3.1944917252683318     
   13.199999999999999       -3.1679917041506891     
   13.266666666666666       -3.1410524928823884     
   13.333333333333334       -3.1136908376936296     
   13.400000000000000       -3.0859278357172926     
   13.466666666666667       -3.0577884993124940     
   13.533333333333333       -3.0293015390641465     
   13.600000000000000       -3.0004990744878581     
   13.666666666666666       -2.9714163448338748     
   13.733333333333333       -2.9420914211575324     
   13.799999999999999       -2.9125649204707527     
   13.866666666666667       -2.8828797225859804     
   13.933333333333334       -2.8530806901883570     
   14.000000000000000       -2.8232143926860473     
   14.066666666666666       -2.7933288344396412     
   14.133333333333333       -2.7634731880002308     
   14.199999999999999       -2.7336975329352877     
   14.266666666666666       -2.7040526006446197     
   14.333333333333334       -2.6745895252387264     
   14.400000000000000       -2.6453596000666595     
   14.466666666666667       -2.6164140388670738     
   14.533333333333333       -2.5878037398295421     
   14.600000000000000       -2.5595790501714357     
   14.666666666666666       -2.5317895282515059     
   14.733333333333333       -2.5044513786648319     
   14.799999999999999       -2.4776284468334753     
   14.866666666666667       -2.4513815115074777     
   14.933333333333334       -2.4257540508011073     
   15.000000000000000       -2.4007874059274625     
   15.066666666666666       -2.3765204638444359     
   15.133333333333333       -2.3529893242454487     
   15.199999999999999       -2.3302269540925793     
   15.266666666666666       -2.3082628347516998     
   15.333333333333334       -2.2871226085681209     
   15.400000000000000       -2.2668277332876503     
   15.466666666666667       -2.2473951539634651     
   15.533333333333333       -2.2288370027979907     
   15.600000000000000       -2.2111603376816205     
   15.666666666666666       -2.1943669299668898     
   15.733333333333333       -2.1784531112494383     
   15.799999999999999       -2.1634096876369275     
   15.866666666666667       -2.1492219282228873     
   15.933333333333334       -2.1358696323193742     
   16.000000000000000       -2.1233272775368590     
   16.066666666666666       -2.1115642481488672     
   16.133333333333333       -2.1005451404735420     
   16.199999999999999       -2.0902301393842584     
   16.266666666666666       -2.0805754576684756     
   16.333333333333332       -2.0715338279193465     
   16.399999999999999       -2.0629840735420597     
   16.466666666666665       -2.0549251025970556     
   16.533333333333331       -2.0473206938281101     
   16.600000000000001       -2.0401144822190522     
   16.666666666666668       -2.0332494170602273     
   16.733333333333334       -2.0266682998811834     
   16.800000000000001       -2.0203142908778831     
   16.866666666666667       -2.0141313762807425     
   16.933333333333334       -2.0080647911257001     
   17.000000000000000       -2.0020613939014731     
   17.066666666666666       -1.9960699914434514     
   17.133333333333333       -1.9900416141421640     
   17.199999999999999       -1.9839297429724687     
   17.266666666666666       -1.9776904909980244     
   17.333333333333332       -1.9712827428545960     
   17.399999999999999       -1.9646682562792221     
   17.466666666666665       -1.9578117300535551     
   17.533333333333331       -1.9506808428065860     
   17.600000000000001       -1.9432462670091859     
   17.666666666666668       -1.9354816622325117     
   17.733333333333334       -1.9273636513678500     
   17.800000000000001       -1.9188717830509157     
   17.866666666666667       -1.9099884830258809     
   17.933333333333334       -1.9006989966481125     
   18.000000000000000       -1.8909913241799872     
   18.066666666666666       -1.8808561499994549     
   18.133333333333333       -1.8702867663332314     
   18.199999999999999       -1.8592789916619763     
   18.266666666666666       -1.8478310835404619     
   18.333333333333332       -1.8359429890964298     
   18.399999999999999       -1.8236168788748515     
   18.466666666666665       -1.8108590523150401     
   18.533333333333331       -1.7976764995390262     
   18.600000000000001       -1.7840781036099616     
   18.666666666666668       -1.7700745034610588     
   18.733333333333334       -1.7556779465678494     
   18.800000000000001       -1.7409021318279927     
   18.866666666666667       -1.7257620437681065     
   18.933333333333334       -1.7102737799175816     
   19.000000000000000       -1.6944543739286033     
   19.066666666666666       -1.6783216177211255     
   19.133333333333333       -1.6618938865289845     
   19.199999999999999       -1.6451899711552760     
   19.266666666666666       -1.6282289219552495     
   19.333333333333332       -1.6110299090075555     
   19.399999999999999       -1.5936121025838661     
   19.466666666666665       -1.5759945773769726     
   19.533333333333331       -1.5581962430175968     
   19.600000000000001       -1.5402358022429929     
   19.666666666666668       -1.5221317367381286     
   19.733333333333334       -1.5039023192313663     
   19.800000000000001       -1.4855656489782201     
   19.866666666666667       -1.4671397063988056     
   19.933333333333334       -1.4486424214329590     
   20.000000000000000       -1.4300917492176601     
