   0.0000000000000000        6.6374194426201178     
   6.6666666666666666E-002   6.6375245852867479     
  0.13333333333333333        6.6378369258006176     
  0.20000000000000001        6.6383471857980005     
  0.26666666666666666        6.6390396782054397     
  0.33333333333333331        6.6398931297217336     
  0.40000000000000002        6.6408789622698237     
  0.46666666666666667        6.6419633885780991     
  0.53333333333333333        6.6431067800885781     
  0.59999999999999998        6.6442592147382102     
  0.66666666666666663        6.6453702148946432     
  0.73333333333333328        6.6463797983667767     
  0.80000000000000004        6.6472168782893837     
  0.86666666666666670        6.6478104473555151     
  0.93333333333333335        6.6480803481115132     
   1.0000000000000000        6.6479366817835741     
   1.0666666666666667        6.6472809599913685     
   1.1333333333333333        6.6460139035063017     
   1.2000000000000000        6.6440251936465291     
   1.2666666666666666        6.6411964884311976     
   1.3333333333333333        6.6373993978486681     
   1.3999999999999999        6.6325053672485650     
   1.4666666666666666        6.6263752458803413     
   1.5333333333333332        6.6188628105362772     
   1.6000000000000001        6.6098138914277369     
   1.6666666666666667        6.5990686695656269     
   1.7333333333333334        6.5864634529537973     
   1.8000000000000000        6.5718271306806528     
   1.8666666666666667        6.5549832491840245     
   1.9333333333333333        6.5357502583470461     
   2.0000000000000000        6.5139417671625992     
   2.0666666666666664        6.4893704170080575     
   2.1333333333333333        6.4618448952621268     
   2.2000000000000002        6.4311722030110117     
   2.2666666666666666        6.3971586893260772     
   2.3333333333333335        6.3596110260408611     
   2.3999999999999999        6.3183377659298596     
   2.4666666666666668        6.2731510652264788     
   2.5333333333333332        6.2238675063297180     
   2.6000000000000001        6.1703100329727114     
   2.6666666666666665        6.1123097038384557     
   2.7333333333333334        6.0497075515435021     
   2.7999999999999998        5.9823571668333511     
   2.8666666666666667        5.9101248421341062     
   2.9333333333333331        5.8328935540293942     
   3.0000000000000000        5.7505644598779559     
   3.0666666666666664        5.6630590288812135     
   3.1333333333333333        5.5703211445280383     
   3.2000000000000002        5.4723191441670043     
   3.2666666666666666        5.3690493362720790     
   3.3333333333333335        5.2605330993800079     
   3.3999999999999999        5.1468231930173154     
   3.4666666666666668        5.0280036147022154     
   3.5333333333333332        4.9041907203836477     
   3.6000000000000001        4.7755340423558392     
   3.6666666666666665        4.6422167563749044     
   3.7333333333333334        4.5044565563531238     
   3.7999999999999998        4.3625044749820834     
   3.8666666666666667        4.2166419749514983     
   3.9333333333333331        4.0671834836234133     
   4.0000000000000000        3.9144732382179206     
   4.0666666666666664        3.7588831976109369     
   4.1333333333333329        3.6008105252570362     
   4.2000000000000002        3.4406746699808908     
   4.2666666666666666        3.2789141326302582     
   4.3333333333333330        3.1159854145541388     
   4.4000000000000004        2.9523512229805706     
   4.4666666666666668        2.7884844383968654     
   4.5333333333333332        2.6248612146265131     
   4.5999999999999996        2.4619567151759734     
   4.6666666666666670        2.3002408568833528     
   4.7333333333333334        2.1401741335123869     
   4.7999999999999998        1.9822035903734785     
   4.8666666666666663        1.8267590174028838     
   4.9333333333333336        1.6742522812497365     
   5.0000000000000000        1.5250656378610905     
   5.0666666666666664        1.3795572992561083     
   5.1333333333333329        1.2380563536975056     
   5.2000000000000002        1.1008607513742659     
   5.2666666666666666       0.96823580420738742     
   5.3333333333333330       0.84041314594112770     
   5.4000000000000004       0.71759014751376626     
   5.4666666666666668       0.59992977354855814     
   5.5333333333333332       0.48756137624312185     
   5.5999999999999996       0.38058211986514989     
   5.6666666666666670       0.27905263016087606     
   5.7333333333333334       0.18300472523750200     
   5.7999999999999998        9.2440701100089007E-002
   5.8666666666666663        7.3351525325797400E-003
   5.9333333333333336       -7.2363029527199502E-002
   6.0000000000000000      -0.14672852947641268     
   6.0666666666666664      -0.21585739086178160     
   6.1333333333333329      -0.27986475323117832     
   6.2000000000000002      -0.33888257932194504     
   6.2666666666666666      -0.39305594555448997     
   6.3333333333333330      -0.44254413775228468     
   6.4000000000000004      -0.48751738916424620     
   6.4666666666666668      -0.52815309507995978     
   6.5333333333333332      -0.56463498637168863     
   6.5999999999999996      -0.59715135222399562     
   6.6666666666666670      -0.62589339883240191     
   6.7333333333333334      -0.65105374921216874     
   6.7999999999999998      -0.67282508619953219     
   6.8666666666666663      -0.69139893808452113     
   6.9333333333333336      -0.70696460409145778     
   7.0000000000000000      -0.71970802278199308     
   7.0666666666666664      -0.72980961531448119     
   7.1333333333333329      -0.73744877361193850     
   7.2000000000000002      -0.74279772737306193     
   7.2666666666666666      -0.74602299845559594     
   7.3333333333333330      -0.74728503041594030     
   7.3999999999999995      -0.74673790670180651     
   7.4666666666666668      -0.74452914888308386     
   7.5333333333333332      -0.74079958650607669     
   7.5999999999999996      -0.73568329046064596     
   7.6666666666666670      -0.72930756213633285     
   7.7333333333333334      -0.72179297109140661     
   7.7999999999999998      -0.71325343444960898     
   7.8666666666666663      -0.70379527516655882     
   7.9333333333333336      -0.69351996378750103     
   8.0000000000000000      -0.68252281461991449     
   8.0666666666666664      -0.67089254247135965     
   8.1333333333333329      -0.65871203146157209     
   8.1999999999999993      -0.64605855137916102     
   8.2666666666666657      -0.63300398265081570     
   8.3333333333333339      -0.61961504703620007     
   8.4000000000000004      -0.60595354153310799     
   8.4666666666666668      -0.59207657331773367     
   8.5333333333333332      -0.57803679385535878     
   8.5999999999999996      -0.56388263059855881     
   8.6666666666666661      -0.54965851494480578     
   8.7333333333333325      -0.53540492483358881     
   8.8000000000000007      -0.52115818690538829     
   8.8666666666666671      -0.50695300597063486     
   8.9333333333333336      -0.49281999070894672     
   9.0000000000000000      -0.47878680551546043     
   9.0666666666666664      -0.46487835926579102     
   9.1333333333333329      -0.45111698619216561     
   9.1999999999999993      -0.43752261877003296     
   9.2666666666666657      -0.42411295258809861     
   9.3333333333333339      -0.41090360323651159     
   9.4000000000000004      -0.39790825529937274     
   9.4666666666666668      -0.38513880358029523     
   9.5333333333333332      -0.37260548672462890     
   9.5999999999999996      -0.36031701343026434     
   9.6666666666666661      -0.34828068146179519     
   9.7333333333333325      -0.33650214499899767     
   9.8000000000000007      -0.32498618978583649     
   9.8666666666666671      -0.31373688256809340     
   9.9333333333333336      -0.30275692644436869     
   10.000000000000000      -0.29204810920455115     
   10.066666666666666      -0.28161138442292549     
   10.133333333333333      -0.27144694718797324     
   10.199999999999999      -0.26155430474239277     
   10.266666666666666      -0.25193234230178596     
   10.333333333333334      -0.24257938431356046     
   10.400000000000000      -0.23349325140946484     
   10.466666666666667      -0.22467131329646706     
   10.533333333333333      -0.21611053782190290     
   10.600000000000000      -0.20780753644020847     
   10.666666666666666      -0.19975860630005451     
   10.733333333333333      -0.19195976916210589     
   10.800000000000001      -0.18440663024174753     
   10.866666666666667      -0.17709474622061966     
   10.933333333333334      -0.17001970965274080     
   11.000000000000000      -0.16317677041396297     
   11.066666666666666      -0.15656105665295436     
   11.133333333333333      -0.15016759851130621     
   11.199999999999999      -0.14399134984592826     
   11.266666666666666      -0.13802720807711033     
   11.333333333333334      -0.13227003227862610     
   11.400000000000000      -0.12671465962130871     
   11.466666666666667      -0.12135592027816304     
   11.533333333333333      -0.11618865089647790     
   11.600000000000000      -0.11120770673963248     
   11.666666666666666      -0.10640797259758997     
   11.733333333333333      -0.10178437255995848     
   11.800000000000001       -9.7331878739011154E-002
   11.866666666666667       -9.3045519022615472E-002
   11.933333333333334       -8.8920383929461042E-002
   12.000000000000000       -8.4951504621553695E-002
   12.066666666666666       -8.1134227396093217E-002
   12.133333333333333       -7.7463876454801073E-002
   12.199999999999999       -7.3935844510872095E-002
   12.266666666666666       -7.0545609851288590E-002
   12.333333333333334       -6.7288739060786723E-002
   12.400000000000000       -6.4160889259257003E-002
   12.466666666666667       -6.1157809909497263E-002
   12.533333333333333       -5.8275344248981141E-002
   12.600000000000000       -5.5509430393608013E-002
   12.666666666666666       -5.2856102153559015E-002
   12.733333333333333       -5.0311489592252463E-002
   12.800000000000001       -4.7871819350122524E-002
   12.866666666666667       -4.5533414746810101E-002
   12.933333333333334       -4.3292695669443708E-002
   13.000000000000000       -4.1146178251722607E-002
   13.066666666666666       -3.9090474348640450E-002
   13.133333333333333       -3.7122290814527420E-002
   13.199999999999999       -3.5238428596733665E-002
   13.266666666666666       -3.3435776706136906E-002
   13.333333333333334       -3.1711319967430970E-002
   13.400000000000000       -3.0062140393153820E-002
   13.466666666666667       -2.8485403165894950E-002
   13.533333333333333       -2.6978360997750059E-002
   13.600000000000000       -2.5538352574457510E-002
   13.666666666666666       -2.4162800958988810E-002
   13.733333333333333       -2.2849211960035913E-002
   13.799999999999999       -2.1595172464818475E-002
   13.866666666666667       -2.0398348731360531E-002
   13.933333333333334       -1.9256484633573462E-002
   14.000000000000000       -1.8167399853412102E-002
   14.066666666666666       -1.7128988017832105E-002
   14.133333333333333       -1.6139214783606193E-002
   14.199999999999999       -1.5196115879295443E-002
   14.266666666666666       -1.4297795119690430E-002
   14.333333333333334       -1.3442422412770541E-002
   14.400000000000000       -1.2628231781827211E-002
   14.466666666666667       -1.1853519425366704E-002
   14.533333333333333       -1.1116641834685668E-002
   14.600000000000000       -1.0416013983953098E-002
   14.666666666666666       -9.7501076009499660E-003
   14.733333333333333       -9.1174795053939380E-003
   14.799999999999999       -8.5166946584252275E-003
   14.866666666666667       -7.9463714509302105E-003
   14.933333333333334       -7.4051931867468767E-003
   15.000000000000000       -6.8918923068339863E-003
   15.066666666666666       -6.4052489747698782E-003
   15.133333333333333       -5.9440896641313242E-003
   15.199999999999999       -5.5072857400738293E-003
   15.266666666666666       -5.0937520331892916E-003
   15.333333333333334       -4.7024454094615779E-003
   15.400000000000000       -4.3323633450830417E-003
   15.466666666666667       -3.9825425183950434E-003
   15.533333333333333       -3.6520574328692680E-003
   15.600000000000000       -3.3400190847159140E-003
   15.666666666666666       -3.0455736865308480E-003
   15.733333333333333       -2.7679014547462265E-003
   15.799999999999999       -2.5062154640731679E-003
   15.866666666666667       -2.2597605672466190E-003
   15.933333333333334       -2.0278123738333357E-003
   16.000000000000000       -1.8096762781857872E-003
   16.066666666666666       -1.6046865242257389E-003
   16.133333333333333       -1.4122052938366270E-003
   16.199999999999999       -1.2316218062620044E-003
   16.266666666666666       -1.0623514178895533E-003
   16.333333333333332       -9.0383471484124930E-004
   16.399999999999999       -7.5557504283685990E-004
   16.466666666666665       -6.1703277157398320E-004
   16.533333333333331       -4.8770876720489971E-004
   16.600000000000001       -3.6713564749934596E-004
   16.666666666666668       -2.5486661607810381E-004
   16.733333333333334       -1.5047455436384421E-004
   16.800000000000001       -5.3551142015890953E-005
   16.866666666666667        3.6293984976557009E-005
   16.933333333333334        1.1943403112131136E-004
   17.000000000000000        1.9622578807233513E-004
   17.066666666666666        2.6701032862389289E-004
   17.133333333333333        3.3211364821882051E-004
   17.199999999999999        3.9184725657138861E-004
   17.266666666666666        4.4650872403124243E-004
   17.333333333333332        4.9638218880899846E-004
   17.399999999999999        5.4173883208434191E-004
   17.466666666666665        5.8283732832405610E-004
   17.533333333333331        6.1992427790195925E-004
   17.600000000000001        6.5323462842354751E-004
   17.666666666666668        6.8299209012800130E-004
   17.733333333333334        7.0940954948930566E-004
   17.800000000000001        7.3268948378416748E-004
   17.866666666666667        7.5302437804165736E-004
   17.933333333333334        7.7059714452390753E-004
   18.000000000000000        7.8558154377205845E-004
   18.066666666666666        7.9814260532896767E-004
   18.133333333333333        8.0843704554120098E-004
   18.199999999999999        8.1661367935233512E-004
   18.266666666666666        8.2281382272056554E-004
   18.333333333333332        8.2716106133792397E-004
   18.399999999999999        8.2977188929172401E-004
   18.466666666666665        8.3078865885255937E-004
   18.533333333333331        8.3032615550578885E-004
   18.600000000000001        8.2849341863866391E-004
   18.666666666666668        8.2539402187897467E-004
   18.733333333333334        8.2112632683857176E-004
   18.800000000000001        8.1578371021676381E-004
   18.866666666666667        8.0945476506643298E-004
   18.933333333333334        8.0222347789118715E-004
   19.000000000000000        7.9416938408586452E-004
   19.066666666666666        7.8536770500892996E-004
   19.133333333333333        7.7588947063361670E-004
   19.199999999999999        7.6580163221500667E-004
   19.266666666666666        7.5516716968739516E-004
   19.333333333333332        7.4404519853550199E-004
   19.399999999999999        7.3249108064498650E-004
   19.466666666666665        7.2055654313184572E-004
   19.533333333333331        7.0828980839617961E-004
   19.600000000000001        6.9573573768386045E-004
   19.666666666666668        6.8293598932620588E-004
   19.733333333333334        6.6992919163199867E-004
   19.800000000000001        6.5675112920370656E-004
   19.866666666666667        6.4343494031559559E-004
   19.933333333333334        6.3001132199554132E-004
   20.000000000000000        6.1650873865359791E-004
