   0.0000000000000000       0.29598455693195902     
   6.6666666666666666E-002  0.29673656629158790     
  0.13333333333333333       0.29899495952270128     
  0.20000000000000001       0.30276681814145062     
  0.26666666666666666       0.30806389450884680     
  0.33333333333333331       0.31490256953330636     
  0.40000000000000002       0.32330372830710413     
  0.46666666666666667       0.33329269139326650     
  0.53333333333333333       0.34489904338841149     
  0.59999999999999998       0.35815630887624156     
  0.66666666666666663       0.37310224886136645     
  0.73333333333333328       0.38977812228438014     
  0.80000000000000004       0.40822818811061395     
  0.86666666666666670       0.42850063564359958     
  0.93333333333333335       0.45064621316837139     
   1.0000000000000000       0.47471771044058830     
   1.0666666666666667       0.50076973255193402     
   1.1333333333333333       0.52886020962138958     
   1.2000000000000000       0.55904740131250830     
   1.2666666666666666       0.59139011507203443     
   1.3333333333333333       0.62594602164092483     
   1.3999999999999999       0.66277654921362028     
   1.4666666666666666       0.70194048808956500     
   1.5333333333333332       0.74349532559961251     
   1.6000000000000001       0.78749520463750988     
   1.6666666666666667       0.83399303829667049     
   1.7333333333333334       0.88304184635600946     
   1.8000000000000000       0.93468884081843095     
   1.8666666666666667       0.98897700441847236     
   1.9333333333333333        1.0459433692839504     
   2.0000000000000000        1.1056169640526305     
   2.0666666666666664        1.1680298952901487     
   2.1333333333333333        1.2332025086824072     
   2.2000000000000002        1.3011477507168285     
   2.2666666666666666        1.3718705489316951     
   2.3333333333333335        1.4453635558778548     
   2.3999999999999999        1.5216119461700486     
   2.4666666666666668        1.6005990641686305     
   2.5333333333333332        1.6822920639215715     
   2.6000000000000001        1.7666471085926507     
   2.6666666666666665        1.8536088611569517     
   2.7333333333333334        1.9431100737056395     
   2.7999999999999998        2.0350578982184673     
   2.8666666666666667        2.1293734118820900     
   2.9333333333333331        2.2259513622366138     
   3.0000000000000000        2.3246731650249646     
   3.0666666666666664        2.4254066926751938     
   3.1333333333333333        2.5280061885072187     
   3.2000000000000002        2.6323122995408950     
   3.2666666666666666        2.7381350391267167     
   3.3333333333333335        2.8453052105960608     
   3.3999999999999999        2.9536236510807057     
   3.4666666666666668        3.0628783978840484     
   3.5333333333333332        3.1728452870553379     
   3.6000000000000001        3.2832885877008158     
   3.6666666666666665        3.3939617834570739     
   3.7333333333333334        3.5046014124027667     
   3.7999999999999998        3.6149357347632027     
   3.8666666666666667        3.7247051306658618     
   3.9333333333333331        3.8336299329273342     
   4.0000000000000000        3.9414252536732528     
   4.0666666666666664        4.0478024033281681     
   4.1333333333333329        4.1524704138320674     
   4.2000000000000002        4.2551376497696607     
   4.2666666666666666        4.3555130673094435     
   4.3333333333333330        4.4532869204858025     
   4.4000000000000004        4.5481978160809255     
   4.4666666666666668        4.6399682609726272     
   4.5333333333333332        4.7283285996953719     
   4.5999999999999996        4.8130186662254566     
   4.6666666666666670        4.8937893861800070     
   4.7333333333333334        4.9704043107392692     
   4.7999999999999998        5.0426410609728727     
   4.8666666666666663        5.1102926605651131     
   4.9333333333333336        5.1731464841152750     
   5.0000000000000000        5.2310514361407670     
   5.0666666666666664        5.2838536231757933     
   5.1333333333333329        5.3314179678336551     
   5.2000000000000002        5.3736292260279148     
   5.2666666666666666        5.4103923840106747     
   5.3333333333333330        5.4416328931402598     
   5.4000000000000004        5.4672967449755188     
   5.4666666666666668        5.4873503903665668     
   5.5333333333333332        5.5017767504679540     
   5.5999999999999996        5.5105693333542600     
   5.6666666666666670        5.5137706016207835     
   5.7333333333333334        5.5114249762116891     
   5.7999999999999998        5.5035948448620386     
   5.8666666666666663        5.4903597267561306     
   5.9333333333333336        5.4718153582485245     
   6.0000000000000000        5.4480727135327331     
   6.0666666666666664        5.4192569731585873     
   6.1333333333333329        5.3855064523336162     
   6.2000000000000002        5.3469715000880171     
   6.2666666666666666        5.3038040541823523     
   6.3333333333333330        5.2561775318340613     
   6.4000000000000004        5.2042783978377827     
   6.4666666666666668        5.1482937707772098     
   6.5333333333333332        5.0884172070361329     
   6.5999999999999996        5.0248476261970270     
   6.6666666666666670        4.9577882691226591     
   6.7333333333333334        4.8874456941896334     
   6.7999999999999998        4.8140288159985456     
   6.8666666666666663        4.7377479898416039     
   6.9333333333333336        4.6588141442995914     
   7.0000000000000000        4.5774369911443147     
   7.0666666666666664        4.4938174493312690     
   7.1333333333333329        4.4081731003488471     
   7.2000000000000002        4.3207094151758954     
   7.2666666666666666        4.2316288597670582     
   7.3333333333333330        4.1411303327089097     
   7.3999999999999995        4.0494086531954885     
   7.4666666666666668        3.9566540983591887     
   7.5333333333333332        3.8630519887333907     
   7.5999999999999996        3.7687823204043993     
   7.6666666666666670        3.6740194422370385     
   7.7333333333333334        3.5789317764278112     
   7.7999999999999998        3.4836815805455132     
   7.8666666666666663        3.3884214713608634     
   7.9333333333333336        3.2933023211732175     
   8.0000000000000000        3.1984685633887109     
   8.0666666666666664        3.1040561399548703     
   8.1333333333333329        3.0101941921207032     
   8.1999999999999993        2.9170050300656745     
   8.2666666666666657        2.8246041301257234     
   8.3333333333333339        2.7331001575604104     
   8.4000000000000004        2.6425950128090201     
   8.4666666666666668        2.5531838992063056     
   8.5333333333333332        2.4649554101720184     
   8.5999999999999996        2.3779916339514351     
   8.6666666666666661        2.2923682740638074     
   8.7333333333333325        2.2081546998510095     
   8.8000000000000007        2.1254139003056562     
   8.8666666666666671        2.0442037185587774     
   8.9333333333333336        1.9645757745505581     
   9.0000000000000000        1.8865760835553436     
   9.0666666666666664        1.8102452376337115     
   9.1333333333333329        1.7356185926573935     
   9.1999999999999993        1.6627264598403508     
   9.2666666666666657        1.5915943007909488     
   9.3333333333333339        1.5222429251764089     
   9.4000000000000004        1.4546886901609672     
   9.4666666666666668        1.3889437008430949     
   9.5333333333333332        1.3250160109747460     
   9.5999999999999996        1.2629098232969307     
   9.6666666666666661        1.2026256888727223     
   9.7333333333333325        1.1441617119372112     
   9.8000000000000007        1.0875117885867960     
   9.8666666666666671        1.0326656521047979     
   9.9333333333333336       0.97961121718899258     
   10.000000000000000       0.92833371012638566     
   10.066666666666666       0.87881585162890108     
   10.133333333333333       0.83103803551972799     
   10.199999999999999       0.78497850297280591     
   10.266666666666666       0.74061351203396686     
   10.333333333333334       0.69791750217482407     
   10.400000000000000       0.65686325365238096     
   10.466666666666667       0.61742204147194635     
   10.533333333333333       0.57956378378115336     
   10.600000000000000       0.54325718455990268     
   10.666666666666666       0.50846987051387449     
   10.733333333333333       0.47516852212515248     
   10.800000000000001       0.44332023234917156     
   10.866666666666667       0.41289029396423421     
   10.933333333333334       0.38384193830984953     
   11.000000000000000       0.35613927579285704     
   11.066666666666666       0.32974603966155358     
   11.133333333333333       0.30462568313044663     
   11.199999999999999       0.28074147114408715     
   11.266666666666666       0.25805656688637385     
   11.333333333333334       0.23653411315264694     
   11.400000000000000       0.21613730871941872     
   11.466666666666667       0.19682947986881935     
   11.533333333333333       0.17857414724783280     
   11.600000000000000       0.16133508826094381     
   11.666666666666666       0.14507639520407170     
   11.733333333333333       0.12976252934422819     
   11.800000000000001       0.11535837113242191     
   11.866666666666667       0.10182926670898299     
   11.933333333333334        8.9141070825313001E-002
   12.000000000000000        7.7261762742895965E-002
   12.066666666666666        6.6156934964527889E-002
   12.133333333333333        5.5794034753306271E-002
   12.199999999999999        4.6141325290724851E-002
   12.266666666666666        3.7167741823658423E-002
   12.333333333333334        2.8842914443120996E-002
   12.400000000000000        2.1137187723217658E-002
   12.466666666666667        1.4021637355299118E-002
   12.533333333333333        7.4680839409684389E-003
   12.600000000000000        1.4491041271207825E-003
   12.666666666666666       -4.0619607263350892E-003
   12.733333333333333       -9.0909981605694912E-003
   12.800000000000001       -1.3663120344248674E-002
   12.866666666666667       -1.7802661766134570E-002
   12.933333333333334       -2.1533178773823186E-002
   13.000000000000000       -2.4877450862690074E-002
   13.066666666666666       -2.7857483637234198E-002
   13.133333333333333       -3.0494513376401827E-002
   13.199999999999999       -3.2809013134108035E-002
   13.266666666666666       -3.4820472826037771E-002
   13.333333333333334       -3.6547819728279252E-002
   13.400000000000000       -3.8009553076931331E-002
   13.466666666666667       -3.9223177705787281E-002
   13.533333333333333       -4.0205485319953667E-002
   13.600000000000000       -4.0972567509682818E-002
   13.666666666666666       -4.1539829403342138E-002
   13.733333333333333       -4.1922003807148292E-002
   13.799999999999999       -4.2133165697951509E-002
   13.866666666666667       -4.2186746961949573E-002
   13.933333333333334       -4.2095551304088444E-002
   14.000000000000000       -4.1871769286788915E-002
   14.066666666666666       -4.1526993488845400E-002
   14.133333333333333       -4.1072233802326129E-002
   14.199999999999999       -4.0517932904011594E-002
   14.266666666666666       -3.9873981946179853E-002
   14.333333333333334       -3.9149736508403248E-002
   14.400000000000000       -3.8354032837827422E-002
   14.466666666666667       -3.7495204381896234E-002
   14.533333333333333       -3.6581098587587506E-002
   14.600000000000000       -3.5619093908762653E-002
   14.666666666666666       -3.4616116932488020E-002
   14.733333333333333       -3.3578840138859277E-002
   14.799999999999999       -3.2513244851579179E-002
   14.866666666666667       -3.1424919884814259E-002
   14.933333333333334       -3.0319155890807088E-002
   15.000000000000000       -2.9200874841762099E-002
   15.066666666666666       -2.8074645383008381E-002
   15.133333333333333       -2.6944697605871423E-002
   15.199999999999999       -2.5814937251425658E-002
   15.266666666666666       -2.4688959394856727E-002
   15.333333333333334       -2.3570061691551774E-002
   15.400000000000000       -2.2461257286505835E-002
   15.466666666666667       -2.1365287495754628E-002
   15.533333333333333       -2.0284634361528234E-002
   15.600000000000000       -1.9221533162592695E-002
   15.666666666666666       -1.8177984930356699E-002
   15.733333333333333       -1.7155768983587168E-002
   15.799999999999999       -1.6156455454596031E-002
   15.866666666666667       -1.5181417742345198E-002
   15.933333333333334       -1.4231844797497308E-002
   16.000000000000000       -1.3308753124513760E-002
   16.066666666666666       -1.2412998378715370E-002
   16.133333333333333       -1.1545286442432990E-002
   16.199999999999999       -1.0706183883146533E-002
   16.266666666666666       -9.8961277255633709E-003
   16.333333333333332       -9.1154345055675049E-003
   16.399999999999999       -8.3645796885174623E-003
   16.466666666666665       -7.6434664219190446E-003
   16.533333333333331       -6.9520277398283144E-003
   16.600000000000001       -6.2901781149091807E-003
   16.666666666666668       -5.6577475085322305E-003
   16.733333333333334       -5.0544873536335347E-003
   16.800000000000001       -4.4800763861932835E-003
   16.866666666666667       -3.9341264137868473E-003
   16.933333333333334       -3.4161880837055209E-003
   17.000000000000000       -2.9257566829734355E-003
   17.066666666666666       -2.4622779714226981E-003
   17.133333333333333       -2.0251540199097743E-003
   17.199999999999999       -1.6137490014028781E-003
   17.266666666666666       -1.2273948650088253E-003
   17.333333333333332       -8.6539681318171017E-004
   17.399999999999999       -5.2703850067712808E-004
   17.466666666666665       -2.1158687979968698E-004
   17.533333333333331        8.1703371008185206E-005
   17.600000000000001        3.5358588079235622E-004
   17.666666666666668        6.0481910709836873E-004
   17.733333333333334        8.3616334813493658E-004
   17.800000000000001        1.0483782292870886E-003
   17.866666666666667        1.2422206290251419E-003
   17.933333333333334        1.4184429947114623E-003
   18.000000000000000        1.5777919886140017E-003
   18.066666666666666        1.7210073988749145E-003
   18.133333333333333        1.8488212491091633E-003
   18.199999999999999        1.9619570432224650E-003
   18.266666666666666        2.0611290881907885E-003
   18.333333333333332        2.1470208058523171E-003
   18.399999999999999        2.2203044109524719E-003
   18.466666666666665        2.2817047882686186E-003
   18.533333333333331        2.3318922469895815E-003
   18.600000000000001        2.3715243220835047E-003
   18.666666666666668        2.4012448907994735E-003
   18.733333333333334        2.4216832329605992E-003
   18.800000000000001        2.4334530489887778E-003
   18.866666666666667        2.4371514545824639E-003
   18.933333333333334        2.4333579748238264E-003
   19.000000000000000        2.4226335632948903E-003
   19.066666666666666        2.4055196735750621E-003
   19.133333333333333        2.3825374112660049E-003
   19.199999999999999        2.3541867943990334E-003
   19.266666666666666        2.3209461486536150E-003
   19.333333333333332        2.2832716611921448E-003
   19.399999999999999        2.2415971130721720E-003
   19.466666666666665        2.1963338051782799E-003
   19.533333333333331        2.1478706865482927E-003
   19.600000000000001        2.0965746870770029E-003
   19.666666666666668        2.0427912491668533E-003
   19.733333333333334        1.9868450453271380E-003
   19.800000000000001        1.9290408614055805E-003
   19.866666666666667        1.8696646184712742E-003
   19.933333333333334        1.8089845007340296E-003
   20.000000000000000        1.7472521526026724E-003
