   0.0000000000000000      -0.62446977655097857     
  0.50000000000000000      -0.64420579817647494     
   1.0000000000000000      -0.70301811085342247     
   1.5000000000000000      -0.79972782233448092     
   2.0000000000000000      -0.93239756353421499     
   2.5000000000000000       -1.0983730854643829     
   3.0000000000000000       -1.2943400289375036     
   3.5000000000000000       -1.5163925404449516     
   4.0000000000000000       -1.7601146941420625     
   4.5000000000000000       -2.0206759959336473     
   5.0000000000000000       -2.2929326132048926     
   5.5000000000000000       -2.5715296924045914     
   6.0000000000000000       -2.8510063359110456     
   6.5000000000000000       -3.1259361892462012     
   7.0000000000000000       -3.3910056232936623     
   7.5000000000000000       -3.6411544160428262     
   8.0000000000000000       -3.8716067510555865     
   8.5000000000000000       -4.0780464441331112     
   9.0000000000000000       -4.2567234730394201     
   9.5000000000000000       -4.4042918148023924     
   10.000000000000000       -4.5183001893482562     
   10.500000000000000       -4.5969465712083979     
   11.000000000000000       -4.6385516096536836     
   11.500000000000000       -4.6427681254801261     
   12.000000000000000       -4.6104165849816656     
   12.500000000000000       -4.5417351958797543     
   13.000000000000000       -4.4379103305527430     
   13.500000000000000       -4.3020255689670943     
   14.000000000000000       -4.1378437833682007     
   14.500000000000000       -3.9476380575163841     
   15.000000000000000       -3.7330140774410738     
   15.500000000000000       -3.4979262865628309     
   16.000000000000000       -3.2485304058992193     
   16.500000000000000       -2.9908029887705694     
   17.000000000000000       -2.7290233360822409     
   17.500000000000000       -2.4664678624188108     
   18.000000000000000       -2.2061619094777707     
   18.500000000000000       -1.9514330558928248     
   19.000000000000000       -1.7057697992071075     
   19.500000000000000       -1.4728663767585002     
   20.000000000000000       -1.2556120767169996     
