   0.0000000000000000      -0.11600480323331379     
  0.50000000000000000      -0.12154023285220271     
   1.0000000000000000      -0.13854654952072720     
   1.5000000000000000      -0.16819528884208446     
   2.0000000000000000      -0.21234547047299387     
   2.5000000000000000      -0.27340953810643537     
   3.0000000000000000      -0.35417529666183462     
   3.5000000000000000      -0.45759149236226598     
   4.0000000000000000      -0.58653259190662288     
   4.5000000000000000      -0.74355562042152301     
   5.0000000000000000      -0.93065868526247075     
   5.5000000000000000       -1.1490457735981807     
   6.0000000000000000       -1.3989368936801923     
   6.5000000000000000       -1.6794260982111855     
   7.0000000000000000       -1.9883622256875153     
   7.5000000000000000       -2.3223328818055951     
   8.0000000000000000       -2.6765480585248471     
   8.5000000000000000       -3.0451312173583016     
   9.0000000000000000       -3.4211646678550833     
   9.5000000000000000       -3.7966561278620041     
   10.000000000000000       -4.1634978944949728     
   10.500000000000000       -4.5130414709981341     
   11.000000000000000       -4.8357819797122392     
   11.500000000000000       -5.1238652248523540     
   12.000000000000000       -5.3707164121270292     
   12.500000000000000       -5.5684127102438783     
   13.000000000000000       -5.7110227400909146     
   13.500000000000000       -5.7967915475734575     
   14.000000000000000       -5.8250659994286753     
   14.500000000000000       -5.7922287399035373     
   15.000000000000000       -5.6945482440307806     
   15.500000000000000       -5.5348402611296184     
   16.000000000000000       -5.3219502010078639     
   16.500000000000000       -5.0650988599400399     
   17.000000000000000       -4.7703468081753044     
   17.500000000000000       -4.4425075903226832     
   18.000000000000000       -4.0872424010216806     
   18.500000000000000       -3.7122180478424873     
   19.000000000000000       -3.3265878527957891     
   19.500000000000000       -2.9406044636859270     
   20.000000000000000       -2.5631779199722775     
