   0.0000000000000000        3.6551910265508033E-005
  0.50000000000000000        4.1657679868736478E-003
   1.0000000000000000        1.6513486827359106E-002
   1.5000000000000000        3.6920878870572320E-002
   2.0000000000000000        6.4990380022623848E-002
   2.5000000000000000        9.9895203215443859E-002
   3.0000000000000000       0.14015346049348124     
   3.5000000000000000       0.18343710004348962     
   4.0000000000000000       0.22654196269877333     
   4.5000000000000000       0.26567725395531716     
   5.0000000000000000       0.29713864273931967     
   5.5000000000000000       0.31816193248004698     
   6.0000000000000000       0.32752702480401602     
   6.5000000000000000       0.32562597608294075     
   7.0000000000000000       0.31405985501184447     
   7.5000000000000000       0.29506951384879948     
   8.0000000000000000       0.27104361996602178     
   8.5000000000000000       0.24417293894900288     
   9.0000000000000000       0.21628295527723332     
   9.5000000000000000       0.18877251412116328     
   10.000000000000000       0.16263189760843361     
   10.500000000000000       0.13850042990209316     
   11.000000000000000       0.11673051399277648     
   11.500000000000000        9.7458764403493506E-002
   12.000000000000000        8.0670665096092706E-002
   12.500000000000000        6.6243665125311213E-002
   13.000000000000000        5.3993705007092802E-002
   13.500000000000000        4.3701505791590718E-002
   14.000000000000000        3.5137437051778582E-002
   14.500000000000000        2.8073787461451966E-002
   15.000000000000000        2.2292637319109299E-002
   15.500000000000000        1.7595623501603316E-002
   16.000000000000000        1.3806746105154612E-002
   16.500000000000000        1.0771294826377141E-002
   17.000000000000000        8.3554489051977203E-003
   17.500000000000000        6.4447755774557124E-003
   18.000000000000000        4.9425021447750597E-003
   18.500000000000000        3.7684307181778888E-003
   19.000000000000000        2.8557822951380272E-003
   19.500000000000000        2.1505530058756979E-003
   20.000000000000000        1.6092761699008497E-003
