   0.0000000000000000       -8.3479610958556767E-017
  0.50000000000000000        5.7307701133840223E-003
   1.0000000000000000        1.1346288784543752E-002
   1.5000000000000000        1.6718290858015399E-002
   2.0000000000000000        2.1693501631416968E-002
   2.5000000000000000        2.6085883073848778E-002
   3.0000000000000000        2.9678852775128748E-002
   3.5000000000000000        3.2245530726936096E-002
   4.0000000000000000        3.3594203408266347E-002
   4.5000000000000000        3.3633529467450796E-002
   5.0000000000000000        3.2427873947401931E-002
   5.5000000000000000        3.0202041080039661E-002
   6.0000000000000000        2.7283209255311823E-002
   6.5000000000000000        2.4014455201144470E-002
   7.0000000000000000        2.0686085831350395E-002
   7.5000000000000000        1.7505824282450962E-002
   8.0000000000000000        1.4600417398899203E-002
   8.5000000000000000        1.2031563101297745E-002
   9.0000000000000000        9.8155209073510826E-003
   9.5000000000000000        7.9397648760355533E-003
   10.000000000000000        6.3756248265848343E-003
   10.500000000000000        5.0870212961061983E-003
   11.000000000000000        4.0359149418543652E-003
   11.500000000000000        3.1856448027472238E-003
   12.000000000000000        2.5027819149849241E-003
   12.500000000000000        1.9577483690855517E-003
   13.000000000000000        1.5251416778462863E-003
   13.500000000000000        1.1834689777891821E-003
   14.000000000000000        9.1486792063518623E-004
   14.500000000000000        7.0462756391137255E-004
   15.000000000000000        5.4070495624195544E-004
   15.500000000000000        4.1337516693856215E-004
   16.000000000000000        3.1484795143012608E-004
   16.500000000000000        2.3889405166187806E-004
   17.000000000000000        1.8056282597959220E-004
   17.500000000000000        1.3593231307006966E-004
   18.000000000000000        1.0190583274871685E-004
   18.500000000000000        7.6064540669241131E-005
   19.000000000000000        5.6507157989266621E-005
   19.500000000000000        4.1764928646307132E-005
   20.000000000000000        3.0708146154675430E-005
