   0.0000000000000000       -82.701577781798989     
  0.50000000000000000       -82.409973834729840     
   1.0000000000000000       -81.487398608504449     
   1.5000000000000000       -79.784834095855999     
   2.0000000000000000       -77.044923277819777     
   2.5000000000000000       -72.921548963746432     
   3.0000000000000000       -67.059651233268838     
   3.5000000000000000       -59.269885045657787     
   4.0000000000000000       -49.771228299590796     
   4.5000000000000000       -39.338185518624613     
   5.0000000000000000       -29.137938031543911     
   5.5000000000000000       -20.271889514419840     
   6.0000000000000000       -13.353386860334483     
   6.5000000000000000       -8.4202424912943510     
   7.0000000000000000       -5.1392697435500905     
   7.5000000000000000       -3.0646568070616125     
   8.0000000000000000       -1.7982707597773502     
   8.5000000000000000       -1.0436228750134464     
   9.0000000000000000      -0.60118827138270892     
   9.5000000000000000      -0.34463083270140304     
   10.000000000000000      -0.19694999454452897     
   10.500000000000000      -0.11235263606354265     
   11.000000000000000       -6.4040884922382801E-002
   11.500000000000000       -3.6500437866940676E-002
   12.000000000000000       -2.0813915995099224E-002
   12.500000000000000       -1.1880085972632633E-002
   13.000000000000000       -6.7897134974841539E-003
   13.500000000000000       -3.8866347397902732E-003
   14.000000000000000       -2.2288758240305421E-003
   14.500000000000000       -1.2807559312890680E-003
   15.000000000000000       -7.3752314049754450E-004
   15.500000000000000       -4.2565311129578564E-004
   16.000000000000000       -2.4622758965984131E-004
   16.500000000000000       -1.4276802661111691E-004
   17.000000000000000       -8.2973064165806613E-005
   17.500000000000000       -4.8334209413189394E-005
   18.000000000000000       -2.8219745145496570E-005
   18.500000000000000       -1.6513056882671092E-005
   19.000000000000000       -9.6845477428826998E-006
   19.500000000000000       -5.6917611623415929E-006
   20.000000000000000       -3.3524347711376330E-006
