   0.0000000000000000        6.5934630224703330     
  0.50000000000000000        6.5988840045825059     
   1.0000000000000000        6.6053196770480840     
   1.5000000000000000        6.5821650460057901     
   2.0000000000000000        6.4765171930907162     
   2.5000000000000000        6.2162846846913089     
   3.0000000000000000        5.7239786293164663     
   3.5000000000000000        4.9474630871013696     
   4.0000000000000000        3.9031715824022641     
   4.5000000000000000        2.7033508071865588     
   5.0000000000000000        1.5296318376073721     
   5.5000000000000000       0.55497386986778552     
   6.0000000000000000      -0.12849664181525527     
   6.5000000000000000      -0.52389160345623409     
   7.0000000000000000      -0.69380502662037524     
   7.5000000000000000      -0.71590825319695695     
   8.0000000000000000      -0.65610492421519606     
   8.5000000000000000      -0.56031820094513396     
   9.0000000000000000      -0.45642025589958501     
   9.5000000000000000      -0.35923842547504442     
   10.000000000000000      -0.27530996589470297     
   10.500000000000000      -0.20639669742034245     
   11.000000000000000      -0.15177910203213224     
   11.500000000000000      -0.10963471284486180     
   12.000000000000000       -7.7811753184870769E-002
   12.500000000000000       -5.4225924652074521E-002
   13.000000000000000       -3.7040723259528216E-002
   13.500000000000000       -2.4723191711151667E-002
   14.000000000000000       -1.6040741990920100E-002
   14.500000000000000       -1.0029450968755743E-002
   15.000000000000000       -5.9515264567101033E-003
   15.500000000000000       -3.2512561934118357E-003
   16.000000000000000       -1.5164338888361208E-003
   16.500000000000000       -4.4580357436700425E-004
   17.000000000000000        1.7712229420028755E-004
   17.500000000000000        5.0565278134632932E-004
   18.000000000000000        6.4671142664506824E-004
   18.500000000000000        6.7342782477997618E-004
   19.000000000000000        6.3489473213089356E-004
   19.500000000000000        5.6351511002461073E-004
   20.000000000000000        4.7963884287773951E-004
