           1           1 (-0.18812727521419376     , -3.0126398318749220E-002)
           1           2 ( -8.1612652849589271E-003,  5.7380626315876263E-003)
           1           3 ( -1.5071051028023282E-002, -2.5411231570380091E-004)
           1           4 ( -7.1532143712921053E-003, -1.2645216005443235E-002)
           1           5 (  0.0000000000000000     ,  0.0000000000000000     )
           1           6 (  0.0000000000000000     ,  0.0000000000000000     )
           1           7 (  0.0000000000000000     ,  0.0000000000000000     )
           1           8 (  0.0000000000000000     ,  0.0000000000000000     )
           1           9 (  0.0000000000000000     ,  0.0000000000000000     )
           1          10 (  0.0000000000000000     ,  0.0000000000000000     )
           1          11 (  0.0000000000000000     ,  0.0000000000000000     )
           1          12 (  0.0000000000000000     ,  0.0000000000000000     )
           1          13 (  0.0000000000000000     ,  0.0000000000000000     )
           1          14 (  0.0000000000000000     ,  0.0000000000000000     )
           1          15 (  0.0000000000000000     ,  0.0000000000000000     )
           1          16 (  0.0000000000000000     ,  0.0000000000000000     )
           2           1 ( -6.6516711617380644E-003, -7.4355150844847475E-003)
           2           2 ( -3.1632634834491409E-003, -8.1490570607353047E-004)
           2           3 ( -3.7939757360805886E-003, -4.7843751639722720E-003)
           2           4 (  3.0606036374857112E-003, -7.2795521237321885E-003)
           2           5 (  0.0000000000000000     ,  0.0000000000000000     )
           2           6 (  0.0000000000000000     ,  0.0000000000000000     )
           2           7 (  0.0000000000000000     ,  0.0000000000000000     )
           2           8 (  0.0000000000000000     ,  0.0000000000000000     )
           2           9 (  0.0000000000000000     ,  0.0000000000000000     )
           2          10 (  0.0000000000000000     ,  0.0000000000000000     )
           2          11 (  0.0000000000000000     ,  0.0000000000000000     )
           2          12 (  0.0000000000000000     ,  0.0000000000000000     )
           2          13 (  0.0000000000000000     ,  0.0000000000000000     )
           2          14 (  0.0000000000000000     ,  0.0000000000000000     )
           2          15 (  0.0000000000000000     ,  0.0000000000000000     )
           2          16 (  0.0000000000000000     ,  0.0000000000000000     )
           3           1 ( -1.4823811230118255E-002, -2.7305260980429917E-003)
           3           2 ( -5.6519065491410260E-003,  2.3109413569754930E-003)
           3           3 ( -1.1222786248927438E-002, -2.9720248584373622E-003)
           3           4 ( -3.7311241149362061E-003, -1.4919237323035508E-002)
           3           5 (  0.0000000000000000     ,  0.0000000000000000     )
           3           6 (  0.0000000000000000     ,  0.0000000000000000     )
           3           7 (  0.0000000000000000     ,  0.0000000000000000     )
           3           8 (  0.0000000000000000     ,  0.0000000000000000     )
           3           9 (  0.0000000000000000     ,  0.0000000000000000     )
           3          10 (  0.0000000000000000     ,  0.0000000000000000     )
           3          11 (  0.0000000000000000     ,  0.0000000000000000     )
           3          12 (  0.0000000000000000     ,  0.0000000000000000     )
           3          13 (  0.0000000000000000     ,  0.0000000000000000     )
           3          14 (  0.0000000000000000     ,  0.0000000000000000     )
           3          15 (  0.0000000000000000     ,  0.0000000000000000     )
           3          16 (  0.0000000000000000     ,  0.0000000000000000     )
           4           1 ( -8.8915826732554656E-003,  1.1489548347547908E-002)
           4           2 ( -9.2685795044385416E-004,  7.8422004620912113E-003)
           4           3 ( -1.0628783826890809E-002,  1.1114579786178991E-002)
           4           4 ( -2.0401163523097350E-002, -5.3637652233575767E-003)
           4           5 (  0.0000000000000000     ,  0.0000000000000000     )
           4           6 (  0.0000000000000000     ,  0.0000000000000000     )
           4           7 (  0.0000000000000000     ,  0.0000000000000000     )
           4           8 (  0.0000000000000000     ,  0.0000000000000000     )
           4           9 (  0.0000000000000000     ,  0.0000000000000000     )
           4          10 (  0.0000000000000000     ,  0.0000000000000000     )
           4          11 (  0.0000000000000000     ,  0.0000000000000000     )
           4          12 (  0.0000000000000000     ,  0.0000000000000000     )
           4          13 (  0.0000000000000000     ,  0.0000000000000000     )
           4          14 (  0.0000000000000000     ,  0.0000000000000000     )
           4          15 (  0.0000000000000000     ,  0.0000000000000000     )
           4          16 (  0.0000000000000000     ,  0.0000000000000000     )
           5           1 (  0.0000000000000000     ,  0.0000000000000000     )
           5           2 (  0.0000000000000000     ,  0.0000000000000000     )
           5           3 (  0.0000000000000000     ,  0.0000000000000000     )
           5           4 (  0.0000000000000000     ,  0.0000000000000000     )
           5           5 ( -1.4204558077549924E-003, -4.1641036449337502E-004)
           5           6 (  1.9914126115668160E-003,  2.9933733127352779E-003)
           5           7 (  2.4341400188815287E-003, -4.7659544992562216E-003)
           5           8 (  5.6168518852532465E-003,  2.0210284292194341E-003)
           5           9 (  0.0000000000000000     ,  0.0000000000000000     )
           5          10 (  0.0000000000000000     ,  0.0000000000000000     )
           5          11 (  0.0000000000000000     ,  0.0000000000000000     )
           5          12 (  0.0000000000000000     ,  0.0000000000000000     )
           5          13 (  0.0000000000000000     ,  0.0000000000000000     )
           5          14 (  0.0000000000000000     ,  0.0000000000000000     )
           5          15 (  0.0000000000000000     ,  0.0000000000000000     )
           5          16 (  0.0000000000000000     ,  0.0000000000000000     )
           6           1 (  0.0000000000000000     ,  0.0000000000000000     )
           6           2 (  0.0000000000000000     ,  0.0000000000000000     )
           6           3 (  0.0000000000000000     ,  0.0000000000000000     )
           6           4 (  0.0000000000000000     ,  0.0000000000000000     )
           6           5 (  3.2901038063474566E-003, -1.4495602513731926E-003)
           6           6 ( -8.5117880142183255E-003, -2.4665504633461901E-003)
           6           7 (  3.0901326409999335E-003,  1.3120636998777583E-002)
           6           8 ( -1.4492515718239824E-002,  5.4448992048264843E-003)
           6           9 (  0.0000000000000000     ,  0.0000000000000000     )
           6          10 (  0.0000000000000000     ,  0.0000000000000000     )
           6          11 (  0.0000000000000000     ,  0.0000000000000000     )
           6          12 (  0.0000000000000000     ,  0.0000000000000000     )
           6          13 (  0.0000000000000000     ,  0.0000000000000000     )
           6          14 (  0.0000000000000000     ,  0.0000000000000000     )
           6          15 (  0.0000000000000000     ,  0.0000000000000000     )
           6          16 (  0.0000000000000000     ,  0.0000000000000000     )
           7           1 (  0.0000000000000000     ,  0.0000000000000000     )
           7           2 (  0.0000000000000000     ,  0.0000000000000000     )
           7           3 (  0.0000000000000000     ,  0.0000000000000000     )
           7           4 (  0.0000000000000000     ,  0.0000000000000000     )
           7           5 ( -4.7568629822725356E-004,  5.3303923369842155E-003)
           7           6 (  9.5206449919997757E-003, -9.5423977033539109E-003)
           7           7 ( -2.0410176823101325E-002, -5.6251463457380789E-003)
           7           8 (  3.5372842425430628E-003, -2.5145855756758501E-002)
           7           9 (  0.0000000000000000     ,  0.0000000000000000     )
           7          10 (  0.0000000000000000     ,  0.0000000000000000     )
           7          11 (  0.0000000000000000     ,  0.0000000000000000     )
           7          12 (  0.0000000000000000     ,  0.0000000000000000     )
           7          13 (  0.0000000000000000     ,  0.0000000000000000     )
           7          14 (  0.0000000000000000     ,  0.0000000000000000     )
           7          15 (  0.0000000000000000     ,  0.0000000000000000     )
           7          16 (  0.0000000000000000     ,  0.0000000000000000     )
           8           1 (  0.0000000000000000     ,  0.0000000000000000     )
           8           2 (  0.0000000000000000     ,  0.0000000000000000     )
           8           3 (  0.0000000000000000     ,  0.0000000000000000     )
           8           4 (  0.0000000000000000     ,  0.0000000000000000     )
           8           5 (  5.8577229588487965E-003,  1.1492009180129547E-003)
           8           6 ( -9.7719691588230035E-003, -1.2007854011152886E-002)
           8           7 ( -9.2129778649107583E-003,  2.3663209427567358E-002)
           8           8 ( -3.1346491897254844E-002, -7.7506904803459837E-003)
           8           9 (  0.0000000000000000     ,  0.0000000000000000     )
           8          10 (  0.0000000000000000     ,  0.0000000000000000     )
           8          11 (  0.0000000000000000     ,  0.0000000000000000     )
           8          12 (  0.0000000000000000     ,  0.0000000000000000     )
           8          13 (  0.0000000000000000     ,  0.0000000000000000     )
           8          14 (  0.0000000000000000     ,  0.0000000000000000     )
           8          15 (  0.0000000000000000     ,  0.0000000000000000     )
           8          16 (  0.0000000000000000     ,  0.0000000000000000     )
           9           1 (  0.0000000000000000     ,  0.0000000000000000     )
           9           2 (  0.0000000000000000     ,  0.0000000000000000     )
           9           3 (  0.0000000000000000     ,  0.0000000000000000     )
           9           4 (  0.0000000000000000     ,  0.0000000000000000     )
           9           5 (  0.0000000000000000     ,  0.0000000000000000     )
           9           6 (  0.0000000000000000     ,  0.0000000000000000     )
           9           7 (  0.0000000000000000     ,  0.0000000000000000     )
           9           8 (  0.0000000000000000     ,  0.0000000000000000     )
           9           9 ( -2.6381855988432459E-004, -7.8395753918715798E-005)
           9          10 (  3.2702619422481430E-004,  7.4182927018243421E-004)
           9          11 (  1.1034353338046819E-003, -9.8901768981431810E-004)
           9          12 (  1.1521607962078936E-003,  1.5832394727048210E-003)
           9          13 (  0.0000000000000000     ,  0.0000000000000000     )
           9          14 (  0.0000000000000000     ,  0.0000000000000000     )
           9          15 (  0.0000000000000000     ,  0.0000000000000000     )
           9          16 (  0.0000000000000000     ,  0.0000000000000000     )
          10           1 (  0.0000000000000000     ,  0.0000000000000000     )
          10           2 (  0.0000000000000000     ,  0.0000000000000000     )
          10           3 (  0.0000000000000000     ,  0.0000000000000000     )
          10           4 (  0.0000000000000000     ,  0.0000000000000000     )
          10           5 (  0.0000000000000000     ,  0.0000000000000000     )
          10           6 (  0.0000000000000000     ,  0.0000000000000000     )
          10           7 (  0.0000000000000000     ,  0.0000000000000000     )
          10           8 (  0.0000000000000000     ,  0.0000000000000000     )
          10           9 (  6.8446566420729256E-004, -4.3446927662360520E-004)
          10          10 ( -2.3238432365377008E-003, -7.1521356766404188E-004)
          10          11 (  9.1864451846981800E-005,  4.5499299986260554E-003)
          10          12 ( -6.1711171138765092E-003, -4.8363533471808447E-004)
          10          13 (  0.0000000000000000     ,  0.0000000000000000     )
          10          14 (  0.0000000000000000     ,  0.0000000000000000     )
          10          15 (  0.0000000000000000     ,  0.0000000000000000     )
          10          16 (  0.0000000000000000     ,  0.0000000000000000     )
          11           1 (  0.0000000000000000     ,  0.0000000000000000     )
          11           2 (  0.0000000000000000     ,  0.0000000000000000     )
          11           3 (  0.0000000000000000     ,  0.0000000000000000     )
          11           4 (  0.0000000000000000     ,  0.0000000000000000     )
          11           5 (  0.0000000000000000     ,  0.0000000000000000     )
          11           6 (  0.0000000000000000     ,  0.0000000000000000     )
          11           7 (  0.0000000000000000     ,  0.0000000000000000     )
          11           8 (  0.0000000000000000     ,  0.0000000000000000     )
          11           9 (  3.4840069275757522E-004,  1.4402577838499406E-003)
          11          10 (  2.6575913853003987E-003, -3.6942536592236798E-003)
          11          11 ( -8.3999642370247291E-003, -2.6069371099883077E-003)
          11          12 (  4.7944220841945294E-003, -1.1488694712346276E-002)
          11          13 (  0.0000000000000000     ,  0.0000000000000000     )
          11          14 (  0.0000000000000000     ,  0.0000000000000000     )
          11          15 (  0.0000000000000000     ,  0.0000000000000000     )
          11          16 (  0.0000000000000000     ,  0.0000000000000000     )
          12           1 (  0.0000000000000000     ,  0.0000000000000000     )
          12           2 (  0.0000000000000000     ,  0.0000000000000000     )
          12           3 (  0.0000000000000000     ,  0.0000000000000000     )
          12           4 (  0.0000000000000000     ,  0.0000000000000000     )
          12           5 (  0.0000000000000000     ,  0.0000000000000000     )
          12           6 (  0.0000000000000000     ,  0.0000000000000000     )
          12           7 (  0.0000000000000000     ,  0.0000000000000000     )
          12           8 (  0.0000000000000000     ,  0.0000000000000000     )
          12           9 (  1.8508667678927455E-003, -6.3907271554910637E-004)
          12          10 ( -5.3557312856884476E-003, -3.1036642804377810E-003)
          12          11 ( -2.4554140683706207E-003,  1.2204406215287705E-002)
          12          12 ( -1.7763922837401535E-002, -5.2830755388004929E-003)
          12          13 (  0.0000000000000000     ,  0.0000000000000000     )
          12          14 (  0.0000000000000000     ,  0.0000000000000000     )
          12          15 (  0.0000000000000000     ,  0.0000000000000000     )
          12          16 (  0.0000000000000000     ,  0.0000000000000000     )
          13           1 (  0.0000000000000000     ,  0.0000000000000000     )
          13           2 (  0.0000000000000000     ,  0.0000000000000000     )
          13           3 (  0.0000000000000000     ,  0.0000000000000000     )
          13           4 (  0.0000000000000000     ,  0.0000000000000000     )
          13           5 (  0.0000000000000000     ,  0.0000000000000000     )
          13           6 (  0.0000000000000000     ,  0.0000000000000000     )
          13           7 (  0.0000000000000000     ,  0.0000000000000000     )
          13           8 (  0.0000000000000000     ,  0.0000000000000000     )
          13           9 (  0.0000000000000000     ,  0.0000000000000000     )
          13          10 (  0.0000000000000000     ,  0.0000000000000000     )
          13          11 (  0.0000000000000000     ,  0.0000000000000000     )
          13          12 (  0.0000000000000000     ,  0.0000000000000000     )
          13          13 ( -5.1322045071962324E-005, -1.3942676136853538E-005)
          13          14 (  4.8624575531911673E-005,  1.8477279877356106E-004)
          13          15 (  3.8349207558722911E-004, -1.2983862455732243E-004)
          13          16 ( -8.9148712286070560E-006, -5.9212202588549139E-004)
          14           1 (  0.0000000000000000     ,  0.0000000000000000     )
          14           2 (  0.0000000000000000     ,  0.0000000000000000     )
          14           3 (  0.0000000000000000     ,  0.0000000000000000     )
          14           4 (  0.0000000000000000     ,  0.0000000000000000     )
          14           5 (  0.0000000000000000     ,  0.0000000000000000     )
          14           6 (  0.0000000000000000     ,  0.0000000000000000     )
          14           7 (  0.0000000000000000     ,  0.0000000000000000     )
          14           8 (  0.0000000000000000     ,  0.0000000000000000     )
          14           9 (  0.0000000000000000     ,  0.0000000000000000     )
          14          10 (  0.0000000000000000     ,  0.0000000000000000     )
          14          11 (  0.0000000000000000     ,  0.0000000000000000     )
          14          12 (  0.0000000000000000     ,  0.0000000000000000     )
          14          13 (  1.3897377128391434E-004, -1.3111684639053722E-004)
          14          14 ( -6.7398936872291239E-004, -2.0004896487256567E-004)
          14          15 ( -3.2770525431896342E-004,  1.5001391541601230E-003)
          14          16 (  2.0112607991168751E-003,  1.1566922237138313E-003)
          15           1 (  0.0000000000000000     ,  0.0000000000000000     )
          15           2 (  0.0000000000000000     ,  0.0000000000000000     )
          15           3 (  0.0000000000000000     ,  0.0000000000000000     )
          15           4 (  0.0000000000000000     ,  0.0000000000000000     )
          15           5 (  0.0000000000000000     ,  0.0000000000000000     )
          15           6 (  0.0000000000000000     ,  0.0000000000000000     )
          15           7 (  0.0000000000000000     ,  0.0000000000000000     )
          15           8 (  0.0000000000000000     ,  0.0000000000000000     )
          15           9 (  0.0000000000000000     ,  0.0000000000000000     )
          15          10 (  0.0000000000000000     ,  0.0000000000000000     )
          15          11 (  0.0000000000000000     ,  0.0000000000000000     )
          15          12 (  0.0000000000000000     ,  0.0000000000000000     )
          15          13 (  2.4613409931802176E-004,  3.2146888748064653E-004)
          15          14 (  5.7962681039019448E-004, -1.4219145460362219E-003)
          15          15 ( -3.3249548118455107E-003, -1.0577650427601656E-003)
          15          16 ( -3.1513338323854736E-003,  4.5191780141630063E-003)
          16           1 (  0.0000000000000000     ,  0.0000000000000000     )
          16           2 (  0.0000000000000000     ,  0.0000000000000000     )
          16           3 (  0.0000000000000000     ,  0.0000000000000000     )
          16           4 (  0.0000000000000000     ,  0.0000000000000000     )
          16           5 (  0.0000000000000000     ,  0.0000000000000000     )
          16           6 (  0.0000000000000000     ,  0.0000000000000000     )
          16           7 (  0.0000000000000000     ,  0.0000000000000000     )
          16           8 (  0.0000000000000000     ,  0.0000000000000000     )
          16           9 (  0.0000000000000000     ,  0.0000000000000000     )
          16          10 (  0.0000000000000000     ,  0.0000000000000000     )
          16          11 (  0.0000000000000000     ,  0.0000000000000000     )
          16          12 (  0.0000000000000000     ,  0.0000000000000000     )
          16          13 ( -3.5332400924503840E-004,  4.7523690193289195E-004)
          16          14 (  2.3075018401101785E-003,  2.4195487255362463E-004)
          16          15 (  1.0734025950411095E-004, -5.5083893213462316E-003)
          16          16 ( -8.7044490579629083E-003, -2.8283033033572385E-003)
