   0.0000000000000000       -42.570471470717195       -7.2406907369806275     
  0.50000000000000000       -42.474693505298426       -7.2416338562059686     
   1.0000000000000000       -42.289375305986709       -7.2438572831642309     
   1.5000000000000000       -41.933027823627491       -7.2490670575100911     
   2.0000000000000000       -41.255919196322701       -7.2610968269665097     
   2.5000000000000000       -39.997951387023846       -7.2879067998499574     
   3.0000000000000000       -37.755645708233402       -7.3425663277030928     
   3.5000000000000000       -34.038904694503913       -7.4292727522323982     
   4.0000000000000000       -28.562386401002989       -7.4632272337514731     
   4.5000000000000000       -21.747388417809681       -7.0882247695193623     
   5.0000000000000000       -14.847368074331181       -5.7958106233103308     
   5.5000000000000000       -9.1764964537970766       -3.8078132292540356     
   6.0000000000000000       -5.2619744934287374       -2.0532054098465675     
   6.5000000000000000       -2.8740343342591683      -0.97599238909110375     
   7.0000000000000000       -1.5255748934010782      -0.43469440240507801     
   7.5000000000000000      -0.79712295212088780      -0.18786083012883761     
   8.0000000000000000      -0.41301062219516849       -8.0119304309353906E-002
   8.5000000000000000      -0.21305008369692113       -3.3975623186536658E-002
   9.0000000000000000      -0.10964994160272375       -1.4372977039630194E-002
   9.5000000000000000       -5.6366633618631604E-002  -6.0740848353500292E-003
   10.000000000000000       -2.8958207265376981E-002  -2.5658232492960153E-003
   10.500000000000000       -1.4872550357894865E-002  -1.0836601023574706E-003
   11.000000000000000       -7.6371171332074899E-003  -4.5764196081581775E-004
   11.500000000000000       -3.9213681685247841E-003  -1.9326108060878849E-004
   12.000000000000000       -2.0133875760028805E-003  -8.1612555653899280E-005
   12.500000000000000       -1.0337313815632417E-003  -3.4464106349941881E-005
   13.000000000000000       -5.3074164389021474E-004  -1.4553786420724712E-005
   13.500000000000000       -2.7249349488001518E-004  -6.1458863017154820E-006
   14.000000000000000       -1.3990325980457833E-004  -2.5953316044196945E-006
   14.500000000000000       -7.1828843180500211E-005  -1.0959761632860517E-006
   15.000000000000000       -3.6878187934414309E-005  -4.6281702672150221E-007
   15.500000000000000       -1.8933900966453688E-005  -1.9544183561814132E-007
   16.000000000000000       -9.7209909850131930E-006  -8.2532638972768489E-008
   16.500000000000000       -4.9909237388967185E-006  -3.4852499384960087E-008
   17.000000000000000       -2.5624258331654520E-006  -1.4717773785922995E-008
   17.500000000000000       -1.3155933274387957E-006  -6.2151314484920393E-009
   18.000000000000000       -6.7544814612488344E-007  -2.6245721307282622E-009
   18.500000000000000       -3.4678664391030752E-007  -1.1083239228634758E-009
   19.000000000000000       -1.7804620033946994E-007  -4.6803130442197033E-010
   19.500000000000000       -9.1411967418578468E-008  -1.9764375503658111E-010
   20.000000000000000       -4.6932469006068091E-008  -8.3462481110430673E-011
