   0.0000000000000000       -2.8018866438518438E-015
   6.6666666666666666E-002   6.2895111346088937E-003
  0.13333333333333333        1.2578588411621064E-002
  0.20000000000000001        1.8866784816390324E-002
  0.26666666666666666        2.5153626117494322E-002
  0.33333333333333331        3.1438600452664896E-002
  0.40000000000000002        3.7721139147889896E-002
  0.46666666666666667        4.4000612762476521E-002
  0.53333333333333333        5.0276313982464266E-002
  0.59999999999999998        5.6547423383351843E-002
  0.66666666666666663        6.2813054578809757E-002
  0.73333333333333328        6.9072184147887308E-002
  0.80000000000000004        7.5323618157875680E-002
  0.86666666666666670        8.1566093270914852E-002
  0.93333333333333335        8.7798166660436272E-002
   1.0000000000000000        9.4018190908761498E-002
   1.0666666666666667       0.10022431527413916     
   1.1333333333333333       0.10641461876939175     
   1.2000000000000000       0.11258690428311970     
   1.2666666666666666       0.11873873978174448     
   1.3333333333333333       0.12486737106970724     
   1.3999999999999999       0.13097005854223565     
   1.4666666666666666       0.13704369105835029     
   1.5333333333333332       0.14308489763934035     
   1.6000000000000001       0.14908996191271712     
   1.6666666666666667       0.15505495857414725     
   1.7333333333333334       0.16097585024915181     
   1.8000000000000000       0.16684820235737507     
   1.8666666666666667       0.17266729598626473     
   1.9333333333333333       0.17842807832425217     
   2.0000000000000000       0.18412510054834011     
   2.0666666666666664       0.18975303381270636     
   2.1333333333333333       0.19530604919667133     
   2.2000000000000002       0.20077804197272148     
   2.2666666666666666       0.20616263878963265     
   2.3333333333333335       0.21145307464314764     
   2.3999999999999999       0.21664240112502114     
   2.4666666666666668       0.22172372725809095     
   2.5333333333333332       0.22668973375140958     
   2.6000000000000001       0.23153290061329648     
   2.6666666666666665       0.23624552842280908     
   2.7333333333333334       0.24081976447965459     
   2.7999999999999998       0.24524722550729094     
   2.8666666666666667       0.24952024501084491     
   2.9333333333333331       0.25363068814027806     
   3.0000000000000000       0.25757039194521936     
   3.0666666666666664       0.26133120336331722     
   3.1333333333333333       0.26490502139153338     
   3.2000000000000002       0.26828384287127766     
   3.2666666666666666       0.27145937048721419     
   3.3333333333333335       0.27442437662914998     
   3.3999999999999999       0.27717144516663367     
   3.4666666666666668       0.27969345424137776     
   3.5333333333333332       0.28198363207908317     
   3.6000000000000001       0.28403561114379255     
   3.6666666666666665       0.28584348286912836     
   3.7333333333333334       0.28740169874153088     
   3.7999999999999998       0.28870528861420813     
   3.8666666666666667       0.28975032849641319     
   3.9333333333333331       0.29053326448415157     
   4.0000000000000000       0.29105124883320888     
   4.0666666666666664       0.29130217928478547     
   4.1333333333333329       0.29128473388765946     
   4.2000000000000002       0.29099840061868765     
   4.2666666666666666       0.29044349346958742     
   4.3333333333333330       0.28962078659883839     
   4.4000000000000004       0.28853271502238287     
   4.4666666666666668       0.28718217092887544     
   4.5333333333333332       0.28557290400445323     
   4.5999999999999996       0.28370950874389383     
   4.6666666666666670       0.28159740450694604     
   4.7333333333333334       0.27924280854250766     
   4.7999999999999998       0.27665270226013189     
   4.8666666666666663       0.27383479110667419     
   4.9333333333333336       0.27079712060259459     
   5.0000000000000000       0.26754902905901606     
   5.0666666666666664       0.26410010111986071     
   5.1333333333333329       0.26046042498366906     
   5.2000000000000002       0.25664053639577333     
   5.2666666666666666       0.25265135362327307     
   5.3333333333333330       0.24850411119481913     
   5.4000000000000004       0.24421029322135784     
   5.4666666666666668       0.23978156706485584     
   5.5333333333333332       0.23522967184506022     
   5.5999999999999996       0.23056628712733102     
   5.6666666666666670       0.22580344997780633     
   5.7333333333333334       0.22095292619496970     
   5.7999999999999998       0.21602636131994221     
   5.8666666666666663       0.21103522930303004     
   5.9333333333333336       0.20599078520063654     
   6.0000000000000000       0.20090402211670297     
   6.0666666666666664       0.19578563251631023     
   6.1333333333333329       0.19064597396078500     
   6.2000000000000002       0.18549503924549271     
   6.2666666666666666       0.18034234434574509     
   6.3333333333333330       0.17519710208991301     
   6.4000000000000004       0.17006813710383004     
   6.4666666666666668       0.16496376775997607     
   6.5333333333333332       0.15989186024158625     
   6.5999999999999996       0.15485982214151264     
   6.6666666666666670       0.14987459922192381     
   6.7333333333333334       0.14494267507766220     
   6.7999999999999998       0.14007007344053216     
   6.8666666666666663       0.13526236286090321     
   6.9333333333333336       0.13052466350644759     
   7.0000000000000000       0.12586165054909312     
   7.0666666666666664       0.12127752750702585     
   7.1333333333333329       0.11677617990461829     
   7.2000000000000002       0.11236103561934611     
   7.2666666666666666       0.10803513142513142     
   7.3333333333333330       0.10380112759295909     
   7.3999999999999995        9.9661323105469338E-002
   7.4666666666666668        9.5617671329343595E-002
   7.5333333333333332        9.1671796004147113E-002
   7.5999999999999996        8.7825007420529191E-002
   7.6666666666666670        8.4078318674504715E-002
   7.7333333333333334        8.0432461897712762E-002
   7.7999999999999998        7.6887904375793972E-002
   7.8666666666666663        7.3444871541991863E-002
   7.9333333333333336        7.0103345290338515E-002
   8.0000000000000000        6.6863089187455205E-002
   8.0666666666666664        6.3723667705113812E-002
   8.1333333333333329        6.0684457055383348E-002
   8.1999999999999993        5.7744659366344438E-002
   8.2666666666666657        5.4903316398490540E-002
   8.3333333333333339        5.2159322780338628E-002
   8.4000000000000004        4.9511438746815371E-002
   8.4666666666666668        4.6958302368478679E-002
   8.5333333333333332        4.4498441263704218E-002
   8.5999999999999996        4.2130283789516984E-002
   8.6666666666666661        3.9852169709971949E-002
   8.7333333333333325        3.7662367835546509E-002
   8.8000000000000007        3.5559102886315176E-002
   8.8666666666666671        3.3540468391321139E-002
   8.9333333333333336        3.1604546456037302E-002
   9.0000000000000000        2.9749376241023119E-002
   9.0666666666666664        2.7972961607739166E-002
   9.1333333333333329        2.6273278294509629E-002
   9.1999999999999993        2.4648280635890026E-002
   9.2666666666666657        2.3095907839674350E-002
   9.3333333333333339        2.1614089836625355E-002
   9.4000000000000004        2.0200752718712203E-002
   9.4666666666666668        1.8853823782153795E-002
   9.5333333333333332        1.7571236191888086E-002
   9.5999999999999996        1.6350933284233517E-002
   9.6666666666666661        1.5190872524442511E-002
   9.7333333333333325        1.4089055044673782E-002
   9.8000000000000007        1.3043478614877833E-002
   9.8666666666666671        1.2052136862373719E-002
   9.9333333333333336        1.1113077431231215E-002
   10.000000000000000        1.0224377277669498E-002
   10.066666666666666        9.3841448928403109E-003
   10.133333333333333        8.5905222872316341E-003
   10.199999999999999        7.8416867499035287E-003
   10.266666666666666        7.1358523951452401E-003
   10.333333333333334        6.4712715084626320E-003
   10.400000000000000        5.8462357031505230E-003
   10.466666666666667        5.2590768980688542E-003
   10.533333333333333        4.7081681267302257E-003
   10.600000000000000        4.1919241874048456E-003
   10.666666666666666        3.7088021436851681E-003
   10.733333333333333        3.2573016848128876E-003
   10.800000000000001        2.8359834010485102E-003
   10.866666666666667        2.4434347731039038E-003
   10.933333333333334        2.0782646817284500E-003
   11.000000000000000        1.7391447381945623E-003
   11.066666666666666        1.4247892023081707E-003
   11.133333333333333        1.1339546927778893E-003
   11.199999999999999        8.6543981817788500E-004
   11.266666666666666        6.1808473581758988E-004
   11.333333333333334        3.9077064541098450E-004
   11.400000000000000        1.8241922408634379E-004
   11.466666666666667       -8.0079910072004566E-006
   11.533333333333333       -1.8151026646443552E-004
   11.600000000000000       -3.3904837692676969E-004
   11.666666666666666       -4.8154534430592459E-004
   11.733333333333333       -6.0988720658773220E-004
   11.800000000000001       -7.2492381124281049E-004
   11.866666666666667       -8.2746962873793493E-004
   11.933333333333334       -9.1830458220075808E-004
   12.000000000000000       -9.9816027173772466E-004
   12.066666666666666       -1.0677629924036541E-003
   12.133333333333333       -1.1277955666047059E-003
   12.199999999999999       -1.1789081148293615E-003
   12.266666666666666       -1.2217205015773187E-003
   12.333333333333334       -1.2568232097694809E-003
   12.400000000000000       -1.2847782176090990E-003
   12.466666666666667       -1.3061198765429048E-003
   12.533333333333333       -1.3213557887498139E-003
   12.600000000000000       -1.3309676823368070E-003
   12.666666666666666       -1.3354122821991083E-003
   12.733333333333333       -1.3351221743648778E-003
   12.800000000000001       -1.3305066616274902E-003
   12.866666666666667       -1.3219526083909372E-003
   12.933333333333334       -1.3098252729142426E-003
   13.000000000000000       -1.2944691255087400E-003
   13.066666666666666       -1.2762086516736669E-003
   13.133333333333333       -1.2553491395978858E-003
   13.199999999999999       -1.2321774518403031E-003
   13.266666666666666       -1.2069630749332520E-003
   13.333333333333334       -1.1799583285259602E-003
   13.400000000000000       -1.1513989299330746E-003
   13.466666666666667       -1.1215054497747119E-003
   13.533333333333333       -1.0904836591374789E-003
   13.600000000000000       -1.0585252080067466E-003
   13.666666666666666       -1.0258082867110746E-003
   13.733333333333333       -9.9249826919860142E-004
   13.799999999999999       -9.5874833684204128E-004
   13.866666666666667       -9.2470008151717212E-004
   13.933333333333334       -8.9048408693522040E-004
   14.000000000000000       -8.5622048760852906E-004
   14.066666666666666       -8.2201950535186962E-004
   14.133333333333333       -7.8798196379562522E-004
   14.199999999999999       -7.5419978193645059E-004
   14.266666666666666       -7.2075644819799708E-004
   14.333333333333334       -6.8772747675169570E-004
   14.400000000000000       -6.5518084791641481E-004
   14.466666666666667       -6.2317743430260499E-004
   14.533333333333333       -5.9177141401246108E-004
   14.600000000000000       -5.6101067170155649E-004
   14.666666666666666       -5.3093718772242093E-004
   14.733333333333333       -5.0159191236830603E-004
   14.799999999999999       -4.7300382428404163E-004
   14.866666666666667       -4.4519729868299315E-004
   14.933333333333334       -4.1819438263635098E-004
   15.000000000000000       -3.9201296055449219E-004
   15.066666666666666       -3.6666705362005256E-004
   15.133333333333333       -3.4216710094923171E-004
   15.199999999999999       -3.1852022260848550E-004
   15.266666666666666       -2.9573046522775813E-004
   15.333333333333334       -2.7379903151782294E-004
   15.400000000000000       -2.5272449544746432E-004
   15.466666666666667       -2.3250300511114681E-004
   15.533333333333333       -2.1312847539015347E-004
   15.600000000000000       -1.9459277237594315E-004
   15.666666666666666       -1.7688589120495597E-004
   15.733333333333333       -1.5999612849534081E-004
   15.799999999999999       -1.4391025003512698E-004
   15.866666666666667       -1.2861365381490805E-004
   15.933333333333334       -1.1409052799199084E-004
   16.000000000000000       -1.0032400296884539E-004
   16.066666666666666       -8.7296296509545621E-005
   16.133333333333333       -7.4988850721796117E-005
   16.199999999999999       -6.3382459800806937E-005
   16.266666666666666       -5.2457387646265046E-005
   16.333333333333332       -4.2193474792127280E-005
   16.399999999999999       -3.2573816754798547E-005
   16.466666666666665       -2.3575084651155345E-005
   16.533333333333331       -1.5175465261038051E-005
   16.600000000000001       -7.3540002444875791E-006
   16.666666666666668       -8.9691328666821835E-008
   16.733333333333334        6.6384468216498904E-006
   16.800000000000001        1.2851338671205923E-005
   16.866666666666667        1.8569803520506328E-005
   16.933333333333334        2.3814513731321727E-005
   17.000000000000000        2.8605954595264422E-005
   17.066666666666666        3.2964385248888256E-005
   17.133333333333333        3.6909800327803204E-005
   17.199999999999999        4.0461892323749705E-005
   17.266666666666666        4.3640014843520546E-005
   17.333333333333332        4.6463147151965864E-005
   17.399999999999999        4.8949860505999371E-005
   17.466666666666665        5.1118286850597977E-005
   17.533333333333331        5.2986090454951923E-005
   17.600000000000001        5.4570443024445906E-005
   17.666666666666668        5.5888002741259772E-005
   17.733333333333334        5.6954897574194701E-005
   17.800000000000001        5.7786713066693073E-005
   17.866666666666667        5.8398484671311093E-005
   17.933333333333334        5.8804694556794187E-005
   18.000000000000000        5.9019272677821544E-005
   18.066666666666666        5.9055601772780413E-005
   18.133333333333333        5.8926525845548316E-005
   18.199999999999999        5.8644361596781200E-005
   18.266666666666666        5.8220912200716345E-005
   18.333333333333332        5.7667382610023845E-005
   18.399999999999999        5.6994492863714166E-005
   18.466666666666665        5.6212802350444551E-005
   18.533333333333331        5.5332219379533174E-005
   18.600000000000001        5.4362219763708769E-005
   18.666666666666668        5.3311861120589506E-005
   18.733333333333334        5.2189795400320137E-005
   18.800000000000001        5.1004279362931708E-005
   18.866666666666667        4.9763182867919406E-005
   18.933333333333334        4.8473994986612302E-005
   19.000000000000000        4.7143828097822145E-005
   19.066666666666666        4.5779420270148100E-005
   19.133333333333333        4.4387136361539939E-005
   19.199999999999999        4.2972968369186035E-005
   19.266666666666666        4.1542535632906230E-005
   19.333333333333332        4.0101085526961769E-005
   19.399999999999999        3.8653495265147833E-005
   19.466666666666665        3.7204275392074662E-005
   19.533333333333331        3.5757575442220157E-005
   19.600000000000001        3.4317192123950081E-005
   19.666666666666668        3.2886580236783239E-005
   19.733333333333334        3.1468866366741888E-005
   19.800000000000001        3.0066865238416586E-005
   19.866666666666667        2.8683098443960686E-005
   19.933333333333334        2.7319815128948457E-005
   20.000000000000000        2.5979014101150467E-005
