           0           1           1  -32.737169035890552     
  -3.3623874294355289E-003
  -2.7004739119010798E-002
  -8.2476479961479110E-002
 -0.17381418001558446     
 -0.29362001347337496     
 -0.41616210397443520     
 -0.49626092002618510     
 -0.48723645575547986     
 -0.38203244352421817     
 -0.23651975989192717     
 -0.11917956759610294     
  -5.1377809048340495E-002
  -1.9605945297395108E-002
  -6.7152695861358901E-003
  -2.0659008934044948E-003
  -5.7063226694756860E-004
  -1.3971173608007034E-004
  -3.0978240398007409E-005
  -5.6494264388692524E-006
  -1.2497024468031283E-006
  -6.0482951217644276E-008
  -1.3649863813647582E-007
   8.3872459325684863E-007
   7.4441416307818225E-007
   3.6698019266275048E-007
  -1.2700032640138684E-006
  -1.8154225412786557E-007
  -5.5859356237252062E-007
  -3.3177373115108087E-007
  -7.6959909406380702E-008
           0           1           2 -0.50445622353536668     
  -2.0132115460804287E-003
  -1.6131863257251824E-002
  -4.8681713363074239E-002
  -9.8936744682975628E-002
 -0.15330210755547441     
 -0.17971640124428709     
 -0.13581152739457197     
  -3.3485232243509835E-003
  0.17222894448712758     
  0.30707518035716397     
  0.36455783379102863     
  0.36789793441679891     
  0.34717307182062018     
  0.31773019433423216     
  0.28536180744272910     
  0.25228258316826141     
  0.21964072514404340     
  0.18823913286995161     
  0.15870258661863434     
  0.13150375047646101     
  0.10697163532079913     
   8.5294289292444758E-002
   6.6539411864018058E-002
   5.0653782695146289E-002
   3.7507319549958375E-002
   2.6877984668484511E-002
   1.8522047231029758E-002
   1.2104913194152585E-002
   7.3397586520986798E-003
   3.6413570025149058E-003
           1           1           1 -0.18446000285211833     
   1.6574051421887572E-005
   7.0194850185957710E-004
   5.2897901982703393E-003
   2.0886127028228715E-002
   5.7615128773358490E-002
  0.12377968154080889     
  0.21624186698831532     
  0.31181311564264003     
  0.37503263488611183     
  0.38722595914883395     
  0.36148920510087601     
  0.32123998819206390     
  0.28055264353943909     
  0.24408069706753929     
  0.21233937280059523     
  0.18472322362001628     
  0.16053068264200562     
  0.13918310395608208     
  0.12024613746582398     
  0.10338145779631007     
   8.8342328995327471E-002
   7.4920161672080876E-002
   6.2970351345351838E-002
   5.2340082702392134E-002
   4.2944031177136924E-002
   3.4647545609092084E-002
   2.7399135993951988E-002
   2.0955686029688385E-002
   1.5005718024849251E-002
   8.7624031959530647E-003
           1           3           1  -3.0893434793615104     
   2.1710800384775256E-005
   9.1997792886050673E-004
   6.9267882667855378E-003
   2.7332994832256274E-002
   7.5370682454657112E-002
  0.16184603344632859     
  0.28194855153893050     
  0.40192003500606177     
  0.46750734664186600     
  0.44941424219120840     
  0.37424210915504391     
  0.28629681858551453     
  0.20905246301519467     
  0.14795395440601342     
  0.10183847827744222     
   6.8112206525099819E-002
   4.4164228593325097E-002
   2.7689732126194036E-002
   1.6734651434145074E-002
   9.7177327120260490E-003
   5.3986688323730868E-003
   2.8563316481577533E-003
   1.4290064325430487E-003
   6.7200179282211447E-004
   2.9272599554390976E-004
   1.1731108567357089E-004
   4.6869072254395827E-005
   2.5409151109955264E-005
   8.6887051781218053E-006
   2.5022599829228585E-006
