   1.0000000000000000E-014  -2.3151563045468429E-004
  0.12500000000000994        4.2317807041357679E-004
  0.25000000000000988        1.3189470198940320E-003
  0.37500000000000983        2.8950162135761032E-003
  0.50000000000000977        5.2027098609758390E-003
  0.62500000000000977        8.1828709023597027E-003
  0.75000000000000966        1.1773142406537280E-002
  0.87500000000000955        1.5935725155824101E-002
   1.0000000000000095        2.0653625186691810E-002
   1.1250000000000095        2.5918732531305666E-002
   1.2500000000000095        3.1721495696743561E-002
   1.3750000000000093        3.8045023961489621E-002
   1.5000000000000093        4.4863325756841876E-002
   1.6250000000000093        5.2142319917976576E-002
   1.7500000000000091        5.9842188255372193E-002
   1.8750000000000091        6.7919976133967219E-002
   2.0000000000000093        7.6331777277551346E-002
   2.1250000000000093        8.5034212776654738E-002
   2.2500000000000093        9.3985180507087956E-002
   2.3750000000000093       0.10314400777462475     
   2.5000000000000093       0.11247120713700894     
   2.6250000000000089       0.12192803981112850     
   2.7500000000000089       0.13147605819037558     
   2.8750000000000089       0.14107674911438792     
   3.0000000000000089       0.15069134706055243     
   3.1250000000000089       0.16028084028897394     
   3.2500000000000089       0.16980615766153864     
   3.3750000000000089       0.17922850063724646     
   3.5000000000000084       0.18850977298409910     
   3.6250000000000084       0.19761305803122520     
   3.7500000000000084       0.20650309732517794     
   3.8750000000000084       0.21514673286593991     
   4.0000000000000080       0.22351328549345606     
   4.1250000000000080       0.23157485273474226     
   4.2500000000000080       0.23930651925795862     
   4.3750000000000080       0.24668648123439532     
   4.5000000000000080       0.25369609200506255     
   4.6250000000000080       0.26031984042464268     
   4.7500000000000080       0.26654527527779615     
   4.8750000000000080       0.27236288954055493     
   5.0000000000000080       0.27776597737465042     
   5.1250000000000071       0.28275047499323641     
   5.2500000000000071       0.28731479429622664     
   5.3750000000000071       0.29145965576461763     
   5.5000000000000071       0.29518792478202766     
   5.6250000000000071       0.29850445350372418     
   5.7500000000000071       0.30141592873560258     
   5.8750000000000071       0.30393072507399349     
   6.0000000000000071       0.30605876179705233     
   6.1250000000000071       0.30781136165628997     
   6.2500000000000071       0.30920110973185144     
   6.3750000000000071       0.31024171081054885     
   6.5000000000000071       0.31094784423794997     
   6.6250000000000071       0.31133501580267264     
   6.7500000000000071       0.31141940685701291     
   6.8750000000000071       0.31121772149892474     
   7.0000000000000062       0.31074703318516306     
   7.1250000000000062       0.31002463257765661     
   7.2500000000000062       0.30906787872240299     
   7.3750000000000062       0.30789405581304452     
   7.5000000000000062       0.30652023780164367     
   7.6250000000000062       0.30496316299813897     
   7.7500000000000062       0.30323912056552538     
   7.8750000000000062       0.30136385049263070     
   8.0000000000000071       0.29935245823569356     
   8.1250000000000071       0.29721934478965428     
   8.2500000000000071       0.29497815250516574     
   8.3750000000000071       0.29264172653062043     
   8.5000000000000071       0.29022209134972471     
   8.6250000000000071       0.28773044152039812     
   8.7500000000000071       0.28517714541213046     
   8.8750000000000071       0.28257176049441562     
   9.0000000000000071       0.27992305855272093     
   9.1250000000000071       0.27723905910124175     
   9.2500000000000071       0.27452706922101788     
   9.3750000000000071       0.27179372807279073     
   9.5000000000000071       0.26904505440928655     
   9.6250000000000071       0.26628649553291406     
   9.7500000000000071       0.26352297630290278     
   9.8750000000000071       0.26075894698094387     
   10.000000000000007       0.25799842890684371     
   10.125000000000005       0.25524505720643753     
   10.250000000000005       0.25250211994462701     
   10.375000000000005       0.24977259333958865     
   10.500000000000005       0.24705917284372125     
   10.625000000000005       0.24436430006782162     
   10.750000000000005       0.24169018567362713     
   10.875000000000005       0.23903882848383459     
   11.000000000000005       0.23641203115674844     
   11.125000000000005       0.23381141284467913     
   11.250000000000005       0.23123841930187308     
   11.375000000000005       0.22869433093070163     
   11.500000000000005       0.22618026925627091     
   11.625000000000005       0.22369720230221896     
   11.750000000000005       0.22124594930727082     
   11.875000000000005       0.21882718517629043     
   12.000000000000005       0.21644144500434784     
   12.125000000000005       0.21408912895084453     
   12.250000000000005       0.21177050767601358     
   12.375000000000005       0.20948572848684754     
   12.500000000000005       0.20723482227612769     
   12.625000000000005       0.20501771127879398     
   12.750000000000005       0.20283421761609993     
   12.875000000000005       0.20068407255110138     
   13.000000000000005       0.19856692633997902     
   13.125000000000005       0.19648235853299548     
   13.250000000000005       0.19442988855676951     
   13.375000000000005       0.19240898639586426     
   13.500000000000005       0.19041908318609954     
   13.625000000000005       0.18845958153387635     
   13.750000000000005       0.18652986538437571     
   13.875000000000005       0.18462930927585361     
   14.000000000000004       0.18275728683639553     
   14.125000000000004       0.18091317840234536     
   14.250000000000004       0.17909637766315326     
   14.375000000000004       0.17730629726452066     
   14.500000000000004       0.17554237332949091     
   14.625000000000004       0.17380406888462285     
   14.750000000000004       0.17209087620475733     
   14.875000000000004       0.17040231811446957     
   15.000000000000004       0.16873794830646277     
   15.125000000000004       0.16709735075647231     
   15.250000000000004       0.16548013833034012     
   15.375000000000004       0.16388595069160111     
   15.500000000000004       0.16231445162706354     
   15.625000000000004       0.16076532591348577     
   15.750000000000004       0.15923827585064904     
   15.875000000000004       0.15773301758509040     
   16.000000000000004       0.15624927734473568     
   16.125000000000004       0.15478678769799437     
   16.250000000000004       0.15334528394189162     
   16.375000000000004       0.15192450071291577     
   16.500000000000004       0.15052416890185558     
   16.625000000000004       0.14914401294040697     
   16.750000000000004       0.14778374851315498     
   16.875000000000004       0.14644308073406173     
   17.000000000000004       0.14512170281220529     
   17.125000000000004       0.14381929521753431     
   17.250000000000004       0.14253552534414340     
   17.375000000000004       0.14127004765628665     
   17.500000000000004       0.14002250429125809     
   17.625000000000004       0.13879252608353165     
   17.750000000000004       0.13757973396632089     
   17.875000000000004       0.13638374070005144     
   18.000000000000004       0.13520415287218260     
   18.125000000000004       0.13404057310938053     
   18.250000000000004       0.13289260244117582     
   18.375000000000004       0.13175984275388614     
   18.500000000000004       0.13064189927463180     
   18.625000000000004       0.12953838302762080     
   18.750000000000004       0.12844891320836163     
   18.875000000000004       0.12737311942594978     
   19.000000000000004       0.12631064376887952     
   19.125000000000004       0.12526114265580332     
   19.250000000000004       0.12422428843911165     
   19.375000000000004       0.12319977073597496     
   19.500000000000004       0.12218729746840909     
   19.625000000000004       0.12118659560084126     
   19.750000000000004       0.12019741157042443     
   19.875000000000004       0.11921951141183287     
   20.000000000000004       0.11825268058437877     
   20.125000000000000       0.11729672351488005     
   20.250000000000000       0.11635146287475051     
   20.375000000000000       0.11541673861416474     
   20.500000000000000       0.11449240677985198     
   20.625000000000000       0.11357833814605631     
   20.750000000000000       0.11267441669044805     
   20.875000000000000       0.11178053794828692     
   21.000000000000000       0.11089660727893973     
   21.125000000000000       0.11002253807895974     
   21.250000000000000       0.10915824997540206     
   21.375000000000000       0.10830366703189832     
   21.500000000000000       0.10745871599833731     
   21.625000000000000       0.10662332463282254     
   21.750000000000000       0.10579742012200470     
   21.875000000000000       0.10498092762296002     
   22.000000000000000       0.10417376894660028     
   22.125000000000000       0.10337586139921232     
   22.250000000000000       0.10258711679521586     
   22.375000000000000       0.10180744065067102     
   22.500000000000000       0.10103673156350890     
   22.625000000000000       0.10027488078299074     
   22.750000000000000        9.9521771967549050E-002
   22.875000000000000        9.8777281127004651E-002
   23.000000000000000        9.8041276742209707E-002
   23.125000000000000        9.7313620052494304E-002
   23.250000000000000        9.6594165498910256E-002
   23.375000000000000        9.5882761309201189E-002
   23.500000000000000        9.5179250208700841E-002
   23.625000000000000        9.4483470239972459E-002
   23.750000000000000        9.3795255672974684E-002
   23.875000000000000        9.3114437986845350E-002
   24.000000000000000        9.2440846904050911E-002
   24.125000000000000        9.1774311457627614E-002
   24.250000000000000        9.1114661072530509E-002
   24.375000000000000        9.0461726642684079E-002
   24.500000000000000        8.9815341586169037E-002
   24.625000000000000        8.9175342862062079E-002
   24.750000000000000        8.8541571933726443E-002
   24.875000000000000        8.7913875664815663E-002
   25.000000000000000        8.7292107135860525E-002
